1000234
1000291
1000610
1000612
1000753
1000774
1000862
1000916
1000920
1001075
1001230
1001244
1001349
1001601
1001792
1001844
1001871
1001878
1002216
1002261
1002268
1002634
1002711
1002917
1003169
1003224
1003566
1003596
1003803
1003953
1004022
1004157
1004158
1004192
1004207
1004297
1004499
1004729
1004827
1004931
1004947
1005000
1005037
1005069
1005124
1005181
1005303
1005394
1005412
1005468
1005483
1005496
1005899
1006155
1006162
1006170
1006228
1006245
1006442
1006508
1006587
1006691
1006714
1007060
1007183
1007264
1007293
1007360
1007361
1007389
1007437
1007592
1007597
1007681
1007727
1007802
1007897
1008222
1008305
1008366
1008607
1008609
1008636
1008710
1008790
1008970
1009005
1009032
1009750
1009990
1010337
1010446
1010570
1010758
1010879
1010919
1011131
1011295
1011364
1011373
1011418
1011436
1011689
1011706
1011778
1011821
1011851
1011956
1012157
1012332
1012544
1012617
1012674
1013111
1013221
1013252
1013304
1013588
1013596
1013680
1013694
1013716
1013786
1013813
1014173
1014593
1014638
1014846
1014977
1015021
1015260
1015302
1015388
1015488
1015496
1015550
1015572
1015669
1015799
1015950
1015978
1015985
1016065
1016339
1016645
1016656
1016920
1016978
1017047
1017137
1017140
1017156
1017202
1017287
1017340
1017679
1017735
1017800
1017964
1018034
1018478
1018499
1018637
1018733
1018791
1019219
1019230
1019242
1019518
1019653
1020003
1020117
1020132
1020385
1020433
1020516
1020519
1020585
1020679
1020783
1020785
1020905
1020986
1021146
1021149
1021333
1021393
1021433
1021507
1021557
1021680
1022104
1022159
1022264
1022511
1022537
1022593
1022859
1023030
1023082
1023143
1023154
1023290
1023419
1023532
1023747
1024024
1024229
1024393
1024758
1024877
1024991
1025302
1025428
1025458
1025484
1025856
1025958
1026111
1026400
1026846
1027089
1027261
1027338
1027366
1027395
1027534
1027571
1027577
1027594
1027703
1027857
1027961
1028190
1028196
1028312
1028424
1028513
1028698
1029122
1029143
1029481
1029564
1029859
1030023
1030100
1030213
1030307
1030314
1030325
1030382
1030608
1030632
1030701
1030777
1030839
1030992
1031073
1031330
1031468
1031509
1031591
1031746
1031879
1031906
1032073
1032103
1032497
1032599
1032628
1032638
1032687
1032774
1032869
1033190
1033214
1033392
1033474
1033475
1033573
1034145
1034850
1034883
1035102
1035105
1035202
1035225
1035332
1035405
1035460
1035541
1035565
1035655
1035836
1035998
1036100
1036204
1036265
1036389
1036406
1036500
1036604
1036741
1036758
1036967
1037003
1037065
1037086
1037127
1037492
1037708
1037769
1037839
1037934
1038134
1038224
1038343
1038387
1038500
1038663
1038826
1039069
1039085
1039214
1039349
1039468
1039476
1039967
1040174
1040176
1040545
1040651
1040803
1041256
1041324
1041453
1041526
1041539
1041715
1041739
1041749
1041796
1041878
1041912
1041947
1042029
1042245
1042316
1042324
1042381
1042527
1042889
1042914
1043130
1043168
1043183
1043262
1043306
1043454
1043657
1043678
1043693
1043707
1044067
1044156
1044197
1044394
1044602
1044789
1045003
1045025
1045068
1045212
1045277
1045572
1046429
1046623
1046626
1046806
1046883
1046912
1046926
1047011
1047014
1047057
1047180
1047182
1047315
1047489
1047705
1047795
1048073
1048124
1048152
1048162
1048465
1048533
1048672
1048927
1049068
1049110
1049250
1049319
1049364
1049475
1049678
1049732
1050399
1050492
1050624
1050709
1050714
1050758
1050851
1050905
1050964
1050982
1051404
1051745
1051765
1051902
1051916
1051948
1052497
1052551
1052641
1052868
1053055
1053108
1053233
1053256
1053535
1053909
1054309
1054345
1054599
1054679
1055276
1055409
1055788
1055864
1055981
1056062
1056081
1056102
1056158
1056491
1056503
1056582
1056803
1056926
1056928
1056933
1056994
1057394
1057409
1057524
1057713
1057739
1057757
1057799
1057877
1057894
1058069
1058073
1058097
1058106
1058125
1058158
1058361
1058664
1058671
1058963
1059194
1059292
1059330
1059546
1059595
1059608
1059727
1059806
1059870
1059932
1059985
1060174
1060394
1060560
1060697
1060904
1061241
1061493
1061643
1061758
1061777
1062045
1062102
1062200
1062236
1062475
1062649
1062800
1062830
1062874
1063171
1063262
1063390
1063418
1063493
1063620
1063660
1063696
1063721
1063757
1063779
1063833
1063842
1063983
1064049
1064086
1064096
1064345
1064358
1064492
1064599
1064642
1064736
1065224
1065225
1065235
1065399
1065505
1065566
1065848
1065991
1066021
1066238
1066444
1066610
1066630
1066634
1066658
1066697
1067156
1067260
1067363
1067376
1067764
1067946
1068109
1068533
1068543
1068620
1068740
1068927
1069051
1069289
1069344
1069737
1069855
1069927
1069955
1070059
1070067
1070187
1070190
1070461
1070565
1070761
1070855
1070934
1070958
1070970
1071051
1071111
1071262
1071274
1071283
1071423
1071558
1071568
1071573
1071688
1072064
1072462
1072539
1072598
1072675
1072723
1072843
1072857
1073103
1073121
1073143
1073171
1073214
1073244
1073433
1073587
1073832
1073911
1074058
1074089
1074467
1074523
1074603
1074654
1074889
1074947
1075118
1075238
1075277
1075405
1075645
1075670
1075772
1075897
1075915
1076090
1076311
1076371
1076420
1076553
1076660
1076802
1077007
1077027
1077377
1077410
1077426
1077471
1077935
1077988
1078035
1078420
1078497
1078555
1078822
1079217
1079349
1079413
1079623
1079683
1079690
1079820
1079839
1079906
1079951
1079998
1080091
1080227
1080375
1080529
1080565
1080604
1080618
1080700
1080822
1080987
1080996
1081126
1081143
1081232
1081356
1081630
1081662
1081726
1081825
1081947
1081989
1082177
1082197
1082227
1082393
1082521
1082524
1082844
1082847
1082926
1082973
1083124
1083203
1083247
1083267
1083428
1083671
1083774
1083835
1083838
1084069
1084148
1084243
1084590
1084676
1084690
1084752
1084906
1084989
1084996
1085000
1085078
1085530
1085584
1085676
1085841
1085875
1086032
1086047
1086130
1086385
1086621
1086664
1086945
1087032
1087089
1087287
1087289
1087335
1087691
1087772
1087773
1087893
1088157
1088385
1088538
1088692
1088766
1088767
1088780
1088883
1089002
1089170
1089196
1089209
1089580
1089733
1089777
1089863
1090202
1090402
1090533
1090576
1090733
1090748
1091100
1091323
1091375
1091544
1091738
1091759
1091764
1091804
1091951
1092017
1092052
1092096
1092422
1092560
1093007
1093360
1093492
1093566
1093723
1093813
1093902
1093920
1093982
1093986
1094125
1094411
1094473
1094552
1095002
1095104
1095184
1095195
1095330
1095335
1095465
1095530
1095599
1095627
1095650
1095887
1096199
1096446
1096619
1096625
1096761
1096792
1096811
1096895
1096918
1097003
1097138
1097145
1097363
1097517
1097542
1097575
1097941
1098111
1098112
1098118
1098137
1098298
1098566
1098627
1098762
1098841
1098923
1099046
1099250
1099329
1099427
1099485
1099495
1099499
1099567
1099665
1099826
1099873
1099927
1100028
1100078
1100175
1100372
1100446
1100453
1100530
1100582
1101034
1101080
1101159
1101399
1101468
1101558
1101611
1101783
1101901
1101922
1102043
1102189
1102242
1102332
1102436
1102443
1102509
1102781
1102863
1102881
1103060
1103707
1103758
1103811
1103875
1104175
1104490
1104656
1104683
1104752
1105073
1105859
1105875
1106141
1106430
1106877
1106922
1106935
1106998
1107076
1107153
1107359
1107834
1107909
1108001
1108002
1108136
1108568
1108743
1108878
1109134
1109462
1109476
1109506
1109895
1109919
1110116
1110118
1110131
1110249
1110266
1110325
1110404
1110583
1110653
1110804
1110816
1110863
1111117
1111167
1111222
1111569
1111748
1111766
1111966
1111976
1112007
1112064
1112067
1112135
1112197
1112278
1112458
1112590
1112674
1112724
1113434
1113690
1113963
1113969
1114031
1114044
1114088
1114193
1114308
1114324
1114456
1114678
1114708
1114964
1115145
1115210
1115314
1115412
1115512
1115851
1116198
1116228
1116271
1116387
1116527
1116727
1116758
1116981
1117220
1117277
1117317
1117356
1117385
1117455
1117460
1117513
1117560
1117590
1117737
1117756
1117777
1117820
1117822
1117835
1118161
1118177
1118193
1118306
1118515
1118525
1118754
1118768
1118789
1118817
1118900
1118944
1118978
1119149
1119268
1119816
1119859
1120084
1120526
1120528
1120684
1120744
1120922
1121283
1121463
1121469
1121754
1121759
1121788
1121958
1121971
1122065
1122071
1122361
1122577
1122603
1122657
1122849
1122967
1122987
1123054
1123121
1123176
1123364
1123372
1123407
1123511
1123609
1123764
1123844
1123958
1124183
1124286
1124471
1124527
1124602
1124633
1124763
1124789
1124826
1125079
1125168
1125512
1125963
1125969
1126245
1126296
1126749
1126831
1127012
1127213
1127382
1127486
1127494
1127575
1127702
1127751
1127857
1128060
1128116
1128181
1128215
1128254
1128439
1128518
1128588
1128591
1128595
1128753
1128815
1128826
1128865
1129002
1129074
1129093
1129133
1129148
1129255
1129462
1129544
1129660
1129683
1129747
1129865
1129986
1130002
1130107
1130203
1130260
1130330
1130335
1130627
1130697
1130730
1131016
1131023
1131257
1131298
1131391
1131757
1131804
1131906
1131945
1132055
1132150
1132591
1132625
1132676
1133161
1133180
1133369
1133404
1133582
1133592
1133647
1133789
1133841
1133863
1133902
1134153
1134198
1134210
1134213
1134307
1134321
1134352
1134507
1134557
1134926
1135081
1135165
1135185
1135239
1135244
1135416
1135430
1135506
1135617
1135713
1135756
1135918
1136066
1136118
1136176
1136231
1136450
1136475
1136560
1136619
1136853
1136876
1136930
1137043
1137076
1137108
1137135
1137141
1137192
1137542
1137991
1138209
1138296
1138381
1138432
1138559
1139076
1139155
1139421
1139496
1139502
1139651
1139718
1139846
1139869
1140006
1140260
1140539
1140585
1140634
1140687
1140933
1141244
1141272
1141346
1141451
1141705
1141824
1141827
1141833
1141834
1141846
1141851
1141922
1142216
1142264
1142354
1142498
1142598
1142781
1142786
1142792
1143181
1143201
1143268
1143300
1143327
1143396
1143440
1143525
1143542
1143673
1143767
1143848
1143865
1143927
1144067
1144082
1144176
1144240
1144343
1144527
1144535
1144620
1144674
1144763
1144767
1144835
1145191
1145455
1145498
1145515
1146046
1146083
1146183
1146223
1146244
1146281
1146371
1146414
1146502
1146592
1146737
1146880
1146952
1147029
1147254
1147425
1147749
1147787
1147798
1147895
1148064
1148141
1148387
1148502
1148517
1148633
1148679
1148773
1148909
1148940
1149182
1149198
1149219
1149409
1149422
1149437
1149615
1149655
1149719
1149747
1149760
1149934
1149942
1150124
1150217
1150484
1151111
1151308
1151331
1151426
1151436
1151457
1151491
1151611
1151657
1151763
1151806
1151829
1151850
1151993
1152016
1152175
1152214
1152451
1152578
1152744
1152840
1152893
1153317
1153665
1153749
1153855
1154052
1154315
1154340
1154371
1154414
1154622
1154860
1154906
1155001
1155083
1155276
1155460
1155466
1155490
1155511
1155530
1155544
1155553
1155585
1155649
1155676
1155742
1155945
1156224
1156315
1156380
1156435
1156806
1156836
1156876
1156991
1157103
1157130
1157179
1157249
1157371
1157554
1157731
1157767
1157779
1157783
1157913
1157960
1157974
1158041
1158127
1158549
1158833
1158904
1159015
1159143
1159271
1159370
1159567
1159666
1159706
1159707
1159842
1159939
1159943
1160104
1160154
1160195
1160264
1160534
1160712
1160776
1160983
1161193
1161199
1161243
1161319
1161333
1161546
1161729
1162056
1162163
1162347
1162500
1162511
1162569
1162663
1162731
1162840
1162903
1162990
1163075
1163413
1163491
1163594
1163597
1163646
1163679
1164064
1164070
1164118
1164395
1164479
1164604
1165054
1165226
1165267
1165268
1165311
1165377
1165411
1165467
1165492
1165762
1166013
1166479
1166489
1166520
1166556
1166557
1166668
1166709
1167173
1167244
1167255
1167410
1167431
1167446
1167537
1167677
1167737
1168131
1168287
1168556
1168891
1168917
1168918
1168941
1169041
1169270
1169285
1169495
1169598
1169621
1170108
1170173
1170207
1170401
1170402
1170416
1170484
1170496
1170582
1170640
1170680
1170708
1170746
1170915
1171245
1171248
1171500
1171678
1171873
1172285
1172302
1172371
1172588
1172808
1172809
1172812
1172982
1173127
1173837
1173856
1174035
1174091
1174260
1174300
1174517
1174658
1174737
1174904
1174936
1175048
1175088
1175144
1175222
1175280
1175323
1175403
1175507
1175518
1175567
1176038
1176103
1176158
1176168
1176340
1176840
1176955
1177380
1177518
1177524
1177569
1177597
1177690
1177778
1177849
1177877
1178106
1178146
1178720
1178743
1178940
1178953
1179170
1179271
1179333
1179481
1179568
1179596
1179641
1179851
1179889
1179914
1179960
1180114
1180120
1180150
1180309
1180331
1180707
1180744
1180767
1180927
1181081
1181102
1181122
1181178
1181453
1181531
1181786
1181834
1181910
1181924
1181970
1182052
1182135
1182195
1182322
1182429
1182592
1182655
1182750
1182821
1182850
1182935
1182969
1183315
1183356
1183475
1183505
1183674
1183833
1183866
1183913
1183951
1183970
1184200
1184206
1184215
1184424
1184683
1184704
1184718
1184815
1184881
1184970
1185338
1185392
1185468
1185616
1185783
1185820
1185920
1185998
1186025
1186046
1186057
1186062
1186236
1186280
1186317
1186354
1186414
1186632
1186647
1187808
1187824
1188093
1188135
1188156
1188290
1188310
1188405
1188421
1188449
1188638
1188890
1189632
1189696
1189940
1190021
1190037
1190181
1190206
1190230
1190651
1190684
1190993
1191001
1191067
1191307
1191351
1191416
1191421
1191648
1191708
1192016
1192125
1192284
1192330
1192331
1192356
1192618
1192911
1192974
1193519
1193557
1193600
1193621
1193637
1193796
1193865
1193973
1194001
1194200
1194384
1194551
1195144
1195252
1195371
1195521
1195568
1195690
1195783
1195936
1196019
1196169
1196241
1196326
1196633
1196702
1196857
1197151
1197212
1197418
1197447
1197695
1197701
1197828
1197833
1197880
1197931
1198198
1198603
1198617
1198622
1198851
1198957
1199003
1199495
1199632
1199655
1199689
1199762
1199939
1200019
1200045
1200208
1200438
1200490
1200535
1200592
1200660
1200705
1200961
1201024
1201360
1201421
1201440
1201652
1201700
1201879
1202116
1202225
1202305
1202360
1202533
1202646
1202722
1202727
1202803
1202837
1203290
1203320
1203355
1203369
1203396
1203580
1203637
1203748
1203775
1203978
1204041
1204155
1204183
1204215
1204223
1204311
1204727
1204882
1205040
1205180
1205261
1205381
1205558
1205917
1206297
1206356
1206601
1206664
1206714
1207035
1207091
1207224
1207276
1207364
1207454
1207462
1207475
1207576
1207863
1207914
1207973
1208015
1208292
1208598
1208671
1208750
1208931
1209050
1209083
1209385
1209428
1209480
1209581
1209682
1209688
1210321
1210445
1210485
1210714
1210812
1210936
1211051
1211228
1211461
1211516
1211997
1212013
1212051
1212142
1212341
1212544
1212606
1212780
1212970
1212980
1213032
1213040
1213048
1213133
1213153
1213174
1213219
1213391
1213603
1213760
1213762
1213816
1213952
1214316
1214765
1215167
1215273
1215563
1215854
1215879
1216092
1216396
1216405
1216481
1216516
1216746
1216852
1216904
1217239
1217295
1217713
1217718
1217858
1218150
1218204
1218211
1218309
1218496
1218565
1218608
1218669
1218798
1218897
1219042
1219243
1219261
1219404
1219551
1219597
1219783
1219813
1219956
1219974
1220070
1220373
1220453
1220469
1220873
1220925
1221115
1221297
1221684
1222189
1222339
1222349
1222535
1222918
1223325
1223627
1223671
1223761
1223921
1223938
1223956
1224109
1224215
1224250
1224358
1224393
1224399
1224411
1224478
1224514
1224596
1224752
1225027
1225079
1225081
1225085
1225106
1225138
1225198
1225245
1225283
1225381
1225425
1225462
1225623
1225693
1225817
1226052
1226098
1226568
1226577
1226663
1226676
1226732
1226892
1227244
1227392
1227636
1227706
1227931
1228387
1228508
1228556
1228637
1228732
1228777
1228825
1228832
1228917
1228971
1229323
1229531
1229543
1229852
1229874
1230034
1230047
1230070
1230263
1230390
1230509
1230659
1230700
1230720
1230944
1231123
1231439
1231765
1232119
1232154
1232387
1232401
1232565
1232647
1233054
1233252
1233309
1233470
1233509
1233515
1233579
1233740
1233780
1233908
1233933
1234025
1234095
1234123
1234155
1234259
1234412
1234453
1234741
1234778
1234915
1234918
1234920
1234947
1235119
1235291
1235343
1235473
1235542
1235601
1235978
1236117
1236134
1236138
1236284
1236483
1236498
1236685
1237051
1237217
1237220
1237225
1237230
1237333
1237334
1237357
1237360
1237384
1237452
1237455
1237646
1237682
1237822
1237947
1238522
1238647
1238663
1238717
1239048
1239076
1239257
1239287
1239438
1239456
1239577
1239705
1239783
1239919
1239953
1240202
1240276
1240278
1240283
1240324
1240363
1240408
1240423
1240495
1240744
1240827
1240973
1241028
1241096
1241130
1241155
1241374
1241570
1241780
1241890
1241945
1242064
1242099
1242368
1242408
1242497
1242618
1242980
1243178
1243195
1243223
1243328
1243339
1243347
1243457
1243638
1243788
1243952
1244051
1244054
1244181
1244240
1244372
1244523
1244826
1245355
1245532
1245593
1245606
1245655
1245681
1245700
1246479
1246819
1247025
1247344
1247392
1247446
1247592
1247688
1247826
1247969
1247974
1248096
1248102
1248186
1248504
1249217
1249261
1249325
1250038
1250103
1250376
1250833
1250985
1251189
1251284
1251350
1251565
1252041
1252059
1252127
1252396
1252495
1252517
1252613
1252657
1252716
1252746
1252871
1252985
1253087
1253432
1253627
1253866
1254076
1254154
1254337
1254344
1254502
1255027
1255523
1255694
1255885
1255900
1255970
1256229
1256308
1256704
1256867
1256922
1257084
1257120
1257156
1257366
1257401
1257439
1257443
1257481
1257526
1257531
1257717
1257744
1257815
1257843
1257932
1258035
1258074
1258076
1258100
1258206
1258341
1258355
1258626
1258703
1258971
1259065
1259190
1259679
1259747
1259842
1259863
1259910
1259966
1260689
1260804
1260819
1260861
1260890
1261067
1261088
1261216
1261406
1261475
1261542
1261580
1261621
1261666
1261708
1261897
1261959
1261998
1262186
1262196
1262335
1262387
1262605
1262810
1262919
1262985
1263002
1263363
1263471
1263484
1263497
1263817
1264027
1264057
1264071
1264263
1264271
1264291
1264400
1264578
1264616
1264840
1265230
1265650
1265774
1266173
1266191
1266300
1266350
1266391
1266427
1266512
1266598
1266600
1266648
1266674
1266743
1266992
1267086
1267657
1267729
1267805
1267950
1267980
1267989
1268067
1268104
1268175
1268231
1268497
1268524
1268852
1268934
1268965
1269094
1269123
1269262
1269409
1269413
1269429
1269540
1269739
1269805
1270005
1270141
1270142
1270198
1270246
1270302
1270572
1270701
1270817
1270900
1270904
1271130
1271316
1271372
1271598
1271633
1271689
1271711
1272254
1272522
1272883
1272909
1272946
1273111
1273177
1273229
1273273
1273388
1273401
1273718
1273758
1273877
1273882
1274014
1274079
1274095
1274588
1274653
1274671
1274914
1275130
1275207
1275311
1275456
1275497
1275557
1275599
1275661
1275746
1275758
1275778
1275864
1275967
1276022
1276158
1276212
1276275
1276449
1276944
1277035
1277070
1277160
1277335
1277373
1277508
1277538
1277666
1277677
1277686
1277773
1277836
1277936
1278033
1278451
1278472
1278500
1278544
1278546
1278588
1278754
1278846
1278860
1279059
1279159
1279522
1279854
1279897
1279900
1280101
1280202
1280296
1280309
1280670
1280673
1280829
1280881
1280908
1281097
1281118
1281335
1281591
1281741
1281825
1281911
1282048
1282150
1282185
1282206
1282448
1282602
1282630
1282665
1282777
1282792
1282841
1282894
1282901
1282916
1283052
1283267
1283277
1283741
1283877
1283945
1283969
1284120
1284128
1284172
1284184
1284314
1284743
1284991
1284998
1285121
1285237
1285238
1285276
1285523
1285619
1285645
1285719
1285864
1285926
1286158
1286166
1286341
1286415
1286474
1286530
1286540
1286586
1286733
1287405
1287730
1287819
1287826
1287962
1288008
1288012
1288036
1288082
1288426
1288611
1288626
1288646
1288676
1288733
1288783
1289152
1289330
1289405
1289466
1289564
1289849
1290273
1290356
1290439
1291092
1291165
1291245
1291264
1291332
1291487
1291651
1291702
1292209
1292373
1292657
1293029
1293094
1293096
1293121
1293182
1293436
1293490
1293665
1293692
1293757
1293848
1293908
1293980
1293998
1294058
1294172
1294267
1294383
1294406
1294424
1294463
1294484
1294548
1294559
1294636
1294778
1294870
1294932
1295038
1295172
1295485
1295724
1295756
1295815
1295956
1296082
1296256
1296377
1296380
1296427
1296503
1296599
1296634
1296787
1296873
1296912
1297048
1297343
1297355
1297397
1297406
1297538
1297827
1298213
1298408
1298439
1298525
1298704
1298752
1298798
1298876
1298884
1299062
1299072
1299088
1299195
1299216
1299298
1299345
1299411
1299864
1299890
1300001
1300021
1300100
1300198
1300288
1300306
1300375
1300559
1300618
1300650
1300682
1301140
1301814
1301830
1301861
1301909
1301911
1301923
1301962
1301995
1302245
1302486
1302796
1302840
1302884
1303163
1303382
1303456
1303547
1303689
1303702
1303996
1304098
1304140
1304178
1304374
1304430
1304506
1304560
1304570
1304612
1304801
1305320
1305415
1305454
1305574
1305667
1305669
1305711
1305797
1305921
1306035
1306060
1306215
1306267
1306473
1306561
1306622
1306645
1306666
1306668
1306885
1307057
1307102
1307132
1307508
1307708
1307911
1307914
1308132
1308133
1308255
1308393
1308491
1308500
1308605
1308621
1308739
1309058
1309114
1309227
1309257
1309286
1309379
1309706
1309947
1310013
1310165
1310237
1310318
1310416
1311154
1311273
1311282
1311316
1311325
1311380
1311382
1311570
1311620
1311645
1311746
1311772
1311778
1311794
1311815
1311893
1311917
1312388
1312389
1312433
1312507
1312568
1312605
1312877
1313233
1313246
1313429
1313465
1313748
1313900
1313951
1313966
1314042
1314143
1314259
1314347
1314447
1314486
1314598
1314825
1315168
1315218
1315447
1315485
1315588
1315599
1315752
1315975
1316050
1316131
1316150
1316268
1316278
1316345
1316504
1316570
1316588
1316658
1316748
1316786
1316906
1316921
1317198
1317322
1317424
1317611
1317771
1317819
1318041
1318164
1318292
1318417
1318422
1318504
1318511
1318669
1318677
1318694
1318753
1318780
1318811
1318904
1319091
1319210
1319384
1319453
1320038
1320041
1320053
1320155
1320359
1320401
1320470
1320544
1320757
1320808
1321119
1321230
1321312
1321352
1321359
1321714
1321718
1321816
1321853
1321927
1322147
1322161
1322300
1322371
1322380
1322461
1322572
1322774
1323097
1323121
1323175
1323336
1323528
1323557
1323617
1323724
1323749
1324056
1324327
1324438
1324682
1324835
1324894
1324924
1325077
1325091
1325245
1325246
1325373
1325579
1325603
1325648
1325668
1325702
1325822
1325870
1325935
1326238
1326277
1326374
1326393
1326976
1327019
1327057
1327281
1327303
1327554
1327719
1327800
1327887
1327907
1328181
1328260
1328310
1328599
1328825
1329054
1329096
1329240
1329338
1329427
1329499
1329584
1329646
1329705
1329716
1329735
1330048
1330110
1330128
1330195
1330213
1330336
1330812
1330894
1330952
1330955
1330959
1331126
1331253
1331273
1331470
1331494
1331712
1331860
1331887
1332038
1332053
1332325
1332520
1332647
1333016
1333039
1333139
1333180
1333241
1333344
1333373
1333471
1333506
1333521
1333533
1333581
1333681
1333696
1333711
1333759
1333808
1333868
1334092
1334191
1334203
1334360
1334385
1334396
1334551
1334561
1334637
1334644
1334679
1334696
1334842
1334991
1334995
1335486
1335758
1335846
1336039
1336042
1336049
1336054
1336121
1336172
1336174
1336190
1336265
1336457
1336678
1336682
1336707
1336811
1336881
1336882
1336989
1337624
1337651
1337765
1337889
1337982
1338060
1338063
1338096
1338143
1338212
1338563
1338687
1338775
1338789
1339001
1339017
1339053
1339084
1339115
1339149
1339153
1339235
1339252
1339317
1339337
1339655
1339679
1339686
1339710
1339885
1339981
1340163
1340410
1340576
1340977
1341433
1341444
1341480
1341501
1341780
1341930
1342105
1342161
1342385
1342540
1342660
1342753
1342761
1342783
1343129
1343684
1343808
1343883
1343889
1344031
1344763
1344867
1344906
1344947
1345030
1345034
1345047
1345131
1345407
1345441
1345549
1345645
1345794
1345962
1346040
1346129
1346190
1346259
1346312
1346337
1346372
1346559
1346790
1346897
1347070
1347182
1347299
1347445
1347453
1347470
1347590
1347668
1347684
1347784
1347798
1347868
1348060
1348097
1348184
1348508
1348528
1348661
1348812
1348848
1348907
1348947
1348974
1349054
1349100
1349163
1349164
1349198
1349278
1349519
1349583
1349620
1349765
1349927
1350166
1350351
1350355
1350379
1350431
1350437
1350445
1350510
1350523
1350577
1350708
1350851
1350873
1350980
1351184
1351227
1351891
1351983
1352157
1352187
1352196
1352224
1352251
1352402
1352506
1353006
1353085
1353329
1353461
1353481
1353517
1353593
1353725
1353737
1353956
1354029
1354231
1354391
1354403
1354696
1354697
1354783
1354828
1355318
1355357
1355581
1355644
1355749
1355817
1355900
1355921
1355983
1355996
1356027
1356186
1356223
1356269
1356307
1356353
1356462
1356492
1356514
1356532
1356534
1356607
1356608
1356632
1357006
1357133
1357285
1357338
1357648
1357662
1357758
1357795
1357846
1357945
1358028
1358113
1358255
1358271
1358272
1358369
1358410
1358415
1358460
1358692
1358789
1358825
1359015
1359289
1359501
1359653
1359781
1359868
1359989
1360060
1360146
1360379
1360428
1360567
1360780
1360913
1361257
1361389
1361484
1362016
1362094
1362174
1362314
1362356
1362483
1362530
1362914
1362928
1362938
1363236
1363365
1363385
1363386
1363433
1363451
1363479
1363483
1363808
1364039
1364216
1364233
1364273
1364471
1364483
1364494
1364526
1364703
1364752
1364756
1364802
1364828
1365112
1365127
1365236
1365372
1365647
1365717
1365738
1365815
1365990
1366171
1366178
1366255
1366944
1366953
1367107
1367213
1367310
1367412
1367445
1367652
1367756
1368381
1368425
1368503
1368535
1368539
1368568
1368774
1368781
1369158
1369182
1369193
1369272
1369317
1369474
1369747
1369787
1369965
1370086
1370152
1370225
1370459
1370466
1370777
1371005
1371117
1371127
1371129
1371347
1371373
1371431
1371556
1371653
1371711
1371760
1371880
1371921
1372043
1372119
1372281
1372349
1372575
1372606
1372729
1372899
1372943
1373145
1373225
1373361
1373534
1373580
1373965
1374072
1374107
1374118
1374144
1374535
1374552
1374618
1374636
1374796
1374815
1374881
1374935
1374987
1375053
1375105
1375191
1375234
1375344
1375892
1375905
1376093
1376136
1376150
1376316
1376354
1376547
1376573
1376645
1377018
1377339
1377578
1377727
1377741
1377814
1377818
1377821
1377991
1378099
1378278
1378340
1378655
1378664
1378770
1378799
1378879
1379224
1379365
1379413
1379452
1379662
1379867
1380035
1380146
1380290
1380337
1380436
1380578
1380773
1380792
1380798
1380800
1381014
1381043
1381121
1381418
1381597
1381637
1381719
1381898
1382049
1382073
1382106
1382327
1382363
1382413
1382500
1383163
1383227
1383281
1383311
1383386
1383531
1383539
1383572
1383656
1383727
1383735
1383982
1384019
1384040
1384261
1384297
1384512
1384690
1384721
1384857
1384934
1385101
1385238
1385364
1385446
1385472
1385601
1385723
1385804
1386038
1386086
1386361
1386508
1386527
1386660
1386748
1386985
1387130
1387132
1387212
1387253
1387414
1387672
1387700
1387744
1387911
1387938
1388011
1388587
1388834
1389163
1389263
1389340
1389345
1389523
1389594
1389688
1389897
1389931
1390010
1390096
1390200
1390201
1390280
1390302
1390490
1390492
1390539
1390793
1390813
1390958
1390992
1391086
1391119
1391169
1391533
1391543
1391595
1391614
1391890
1391985
1392113
1392225
1392250
1392453
1392566
1392756
1392836
1392850
1393143
1393202
1393328
1393535
1393627
1393653
1393701
1393719
1393817
1393826
1393963
1393995
1394174
1394526
1394604
1394616
1394724
1394727
1394791
1394820
1394886
1394891
1394910
1395058
1395118
1395313
1395462
1395519
1395653
1395867
1396146
1396401
1396878
1397049
1397079
1397164
1397165
1397222
1397260
1397406
1397489
1397654
1397893
1397985
1398199
1398203
1398204
1398287
1398332
1398571
1398842
1398855
1398900
1399242
1399380
1399465
1399862
1399966
1400065
1400172
1400393
1400515
1400517
1400653
1400737
1400838
1401298
1401752
1401813
1401862
1401891
1401966
1402257
1402381
1402646
1402668
1402704
1402895
1402897
1403064
1403385
1403520
1403937
1404161
1404227
1404310
1404326
1404456
1404459
1404528
1404545
1404645
1404859
1404912
1405361
1405495
1405550
1405561
1405620
1405629
1405635
1405656
1405721
1405855
1406186
1406259
1406345
1406517
1406698
1407014
1407094
1407289
1407344
1407382
1407401
1407416
1407494
1407570
1407846
1407857
1407880
1408058
1408204
1408435
1408439
1408521
1408595
1408731
1408833
1409163
1409304
1409339
1409714
1409742
1409821
1409943
1409998
1410235
1410327
1410329
1410382
1410496
1410691
1410857
1411442
1411507
1411795
1411840
1411845
1411902
1411913
1412036
1412094
1412115
1412241
1412341
1412345
1412760
1412763
1413078
1413253
1413254
1413493
1413534
1413564
1413619
1413782
1413786
1413843
1414020
1414024
1414080
1414322
1414393
1414679
1414738
1414802
1414851
1415129
1415202
1415496
1415942
1416071
1416088
1416099
1416376
1416501
1416641
1416773
1416899
1416970
1417051
1417057
1417165
1417256
1417389
1417592
1417708
1417821
1417906
1418144
1418330
1418345
1418401
1418589
1418658
1418707
1419069
1419254
1419298
1419457
1419674
1419697
1419813
1419835
1419916
1420068
1420232
1420348
1420396
1420734
1420885
1421018
1421063
1421170
1421349
1421539
1421553
1421571
1421634
1421676
1421794
1421834
1421954
1422086
1422284
1422493
1422522
1422771
1423043
1423055
1423164
1423324
1423405
1423443
1423637
1423684
1423737
1423796
1424002
1424109
1424157
1424186
1424221
1424403
1424520
1424686
1424900
1424939
1425129
1425139
1425311
1425422
1425668
1425920
1425978
1426060
1426124
1426332
1426390
1426517
1426549
1426897
1426922
1426924
1427084
1427102
1427208
1427408
1427844
1427914
1428823
1428862
1429117
1429373
1429587
1429693
1429903
1430127
1430437
1430623
1430827
1430892
1431522
1431638
1431736
1431742
1432302
1432453
1432622
1432631
1432692
1432909
1432913
1432931
1432958
1433003
1433083
1433242
1433266
1433462
1433534
1433751
1433761
1433966
1434067
1434069
1434159
1434164
1434231
1434512
1434542
1434552
1434557
1434688
1434722
1434829
1435061
1435120
1435170
1435191
1435424
1435469
1435589
1435627
1435765
1435793
1435945
1436089
1436259
1436279
1436284
1436607
1436613
1436758
1436773
1437095
1437353
1437378
1437384
1437430
1437701
1437815
1438114
1438153
1438313
1438825
1438966
1439224
1439348
1439407
1439446
1439477
1439716
1439724
1439877
1440119
1440732
1440794
1440984
1441016
1441833
1441903
1442050
1442092
1442236
1442239
1442252
1442318
1442446
1442464
1442514
1442627
1442747
1442828
1442867
1442874
1442972
1443027
1443336
1443383
1443959
1444240
1444604
1444694
1444712
1444766
1444981
1445266
1445336
1445361
1445418
1445554
1445709
1445787
1445889
1446086
1446188
1446459
1446865
1447041
1447093
1447115
1447256
1447308
1447528
1447530
1447574
1447587
1447807
1447831
1447898
1447995
1447997
1448088
1448194
1448221
1448242
1448384
1448446
1448557
1449044
1449168
1449338
1449405
1449534
1449639
1449781
1449794
1449816
1449879
1450268
1450453
1450930
1451000
1451135
1451165
1451201
1451365
1451477
1451649
1451848
1451922
1452143
1452171
1452216
1452469
1452610
1452623
1452763
1452809
1452834
1453289
1453320
1453782
1453806
1453830
1454017
1454051
1454116
1454185
1454330
1454377
1454498
1454674
1454778
1454858
1454871
1455086
1455293
1455353
1455374
1455415
1455458
1455487
1455559
1455799
1455881
1455892
1456080
1456417
1456525
1456537
1456588
1456677
1456811
1457255
1457292
1457333
1457364
1457649
1457851
1457925
1457941
1458100
1458273
1458301
1458311
1458384
1458436
1458520
1458572
1458666
1458701
1458734
1458755
1458761
1458765
1458783
1458806
1458839
1458960
1458996
1459164
1459712
1459913
1460205
1460240
1460365
1460386
1460467
1460654
1460851
1460976
1461327
1461513
1461624
1461649
1461695
1461886
1462164
1462246
1462276
1462297
1462314
1462345
1462442
1462470
1462621
1462777
1463207
1463233
1463465
1463760
1463968
1464256
1464636
1464805
1464820
1464825
1464858
1465113
1465172
1465380
1465458
1465465
1465575
1465623
1465798
1465875
1465971
1466380
1466414
1466541
1466559
1466562
1466577
1466586
1466635
1466777
1466827
1466872
1467046
1467076
1467343
1467408
1467419
1467540
1467565
1467595
1467855
1467936
1467943
1467948
1468211
1468279
1468347
1468413
1468593
1468960
1469267
1469297
1469300
1469556
1469586
1469648
1469726
1469966
1469974
1470351
1470739
1470819
1470883
1470890
1470983
1470989
1471237
1471322
1471387
1471392
1471495
1471594
1471721
1471723
1471837
1471942
1472054
1472058
1472104
1472276
1472298
1472412
1472450
1472542
1472581
1472741
1472782
1473313
1473334
1473799
1473832
1473947
1474270
1474276
1474376
1474447
1474651
1474671
1474693
1474779
1474868
1475358
1475444
1475575
1475728
1476070
1476107
1476313
1476363
1476402
1476472
1476510
1476559
1476839
1476862
1476879
1476956
1476978
1476996
1477171
1477202
1477869
1477881
1477977
1477982
1478118
1478169
1478237
1478535
1478655
1478785
1478941
1478955
1478965
1479101
1479138
1479243
1479245
1479493
1479580
1479907
1479945
1480132
1480167
1480170
1480413
1480428
1480794
1480895
1480930
1481082
1481130
1481212
1481236
1481306
1481566
1481584
1481782
1481859
1481994
1482235
1482455
1482607
1482938
1483165
1483195
1483295
1483333
1483361
1483363
1483384
1483512
1483866
1483989
1484000
1484018
1484061
1484064
1484640
1484800
1484957
1484999
1485104
1485110
1485145
1485549
1485607
1485631
1485740
1485815
1485902
1486324
1486772
1486787
1486788
1486850
1486859
1486883
1487043
1487311
1487362
1487390
1487510
1487531
1487674
1487739
1487754
1487904
1488055
1488066
1488250
1488320
1488448
1488461
1488482
1488507
1488589
1488658
1488770
1488814
1489466
1489597
1489655
1489756
1490044
1490090
1490125
1490378
1490385
1490440
1490605
1490926
1491042
1491111
1491250
1491312
1491377
1491451
1491479
1492004
1492123
1492159
1492387
1492498
1492506
1493184
1493268
1493323
1493355
1493605
1493626
1493775
1493844
1493873
1493943
1494031
1494273
1494449
1494454
1494544
1494692
1494770
1494916
1495076
1495138
1495276
1495441
1495556
1495596
1495656
1495763
1495857
1495873
1495975
1495979
1495996
1496048
1496658
1496761
1496802
1496850
1497104
1497263
1497562
1497603
1497664
1497668
1497697
1497758
1497792
1497921
1497970
1497973
1497991
1498035
1498117
1498304
1498320
1498524
1498845
1498944
1499015
1499020
1499298
1499417
1499453
1499486
1499908
1500036
1500065
1500340
1500575
1500596
1500628
1500691
1500805
1501643
1501646
1502192
1502201
1502386
1502561
1502684
1502880
1502978
1503540
1503767
1504006
1504097
1504098
1504154
1504161
1504466
1504522
1504551
1504655
1504772
1504839
1504848
1504910
1505025
1505068
1505183
1505223
1505916
1505997
1506042
1506067
1506075
1506131
1506309
1506334
1506607
1507110
1507142
1507237
1507240
1507293
1507486
1507595
1507654
1507693
1507764
1508032
1508156
1508157
1508399
1508532
1508767
1509029
1509132
1509328
1509329
1509381
1509465
1509681
1509696
1509728
1509845
1509994
1510302
1510448
1510555
1510630
1510877
1510957
1510968
1511268
1511506
1511638
1511651
1511692
1511743
1511815
1511894
1511916
1511939
1512055
1512366
1512393
1512513
1512579
1512586
1512599
1512900
1512920
1512963
1513016
1513194
1513334
1513393
1513419
1513522
1513690
1513813
1513955
1514066
1514101
1514146
1514583
1514757
1514846
1514908
1514933
1515065
1515147
1515184
1515202
1515340
1515357
1515369
1515372
1515516
1515537
1515596
1515620
1515674
1515808
1515952
1516034
1516098
1516310
1516434
1516477
1516478
1516537
1516776
1516844
1516898
1516925
1517073
1517084
1517403
1517438
1517614
1517638
1517674
1517725
1518044
1518052
1518058
1518308
1518426
1518641
1518949
1519192
1519220
1519323
1519415
1519483
1519637
1519812
1519829
1519834
1519977
1520169
1520295
1520415
1520457
1520512
1520541
1520671
1520733
1521285
1521319
1521506
1521614
1521615
1521622
1521695
1521701
1521814
1521861
1522090
1522131
1522297
1522350
1522477
1522478
1522688
1522715
1522855
1522917
1522944
1523014
1523183
1523185
1523305
1523479
1523714
1523721
1523769
1523917
1524140
1524208
1524252
1524337
1524422
1524575
1524794
1524841
1524882
1525014
1525035
1525165
1525438
1525592
1525631
1525636
1525778
1525790
1525885
1526015
1526193
1526416
1526518
1526560
1526653
1526756
1527316
1527490
1527650
1527892
1527997
1528049
1528112
1528240
1528261
1528285
1528362
1528442
1528499
1528669
1528780
1529164
1529195
1529205
1529266
1529410
1529560
1529576
1529768
1530045
1530048
1530077
1530356
1530680
1530741
1530776
1530982
1530986
1531011
1531381
1531483
1531622
1531638
1532375
1532386
1532438
1532530
1532620
1532630
1532696
1532838
1533005
1533184
1533336
1533625
1534185
1534328
1534449
1534799
1534846
1534853
1534896
1535061
1535189
1535268
1535321
1535375
1535385
1535587
1535788
1535793
1535814
1535824
1536072
1536074
1536125
1536137
1536193
1536246
1536529
1536827
1537160
1537324
1537378
1537748
1537784
1537840
1537866
1538125
1538135
1538196
1538239
1538426
1538673
1538691
1538789
1539094
1539126
1539234
1539273
1539305
1539428
1539779
1539781
1540837
1540859
1540885
1540894
1540999
1541138
1541161
1541237
1541354
1541414
1541764
1541922
1541960
1542065
1542189
1542544
1542661
1543185
1543323
1543421
1543493
1543583
1543688
1543798
1544294
1544329
1544335
1544400
1544540
1544825
1544883
1544892
1544984
1545094
1545253
1545627
1546031
1546045
1546117
1546287
1546367
1546479
1546487
1546496
1546638
1546662
1546796
1546991
1547098
1547251
1547312
1547381
1547422
1547467
1547502
1547517
1547521
1547653
1547716
1547826
1547915
1547946
1548004
1548142
1548680
1548753
1548916
1549025
1549109
1549446
1549565
1549603
1549621
1549680
1549732
1549773
1549782
1549954
1550195
1550423
1550622
1551238
1551287
1551497
1551686
1551813
1551961
1552093
1552129
1552190
1552320
1552660
1552663
1552748
1552792
1552815
1553016
1553026
1553031
1553104
1553504
1553656
1553685
1553811
1553856
1554048
1554075
1554080
1554089
1554116
1554121
1554143
1554146
1554154
1554216
1554231
1554266
1554387
1554467
1554473
1554488
1554786
1554791
1554814
1554842
1555116
1555203
1555257
1555371
1555383
1555425
1555462
1555511
1555653
1555733
1555804
1556181
1556218
1556267
1556378
1556610
1556630
1557091
1557341
1557585
1557673
1557726
1557796
1557799
1557911
1558090
1558196
1558275
1558343
1558704
1558785
1559205
1559226
1559328
1559379
1559434
1559669
1559697
1559736
1559771
1559882
1559913
1560376
1560409
1560456
1560479
1560484
1560789
1560847
1560965
1560997
1561019
1561094
1561098
1561247
1561263
1561460
1561562
1561596
1562075
1562141
1562188
1562197
1562241
1562354
1562374
1562478
1562481
1562686
1562807
1563081
1563100
1563313
1563520
1563703
1563862
1563882
1563973
1564294
1564453
1564764
1564877
1564970
1565049
1565144
1565363
1565560
1565706
1566253
1566452
1566750
1566768
1566855
1566884
1566921
1567006
1567023
1567105
1567288
1567292
1567487
1567492
1567986
1568182
1568279
1568434
1568720
1568797
1568872
1569024
1569120
1569246
1569247
1569261
1569351
1569384
1569455
1569499
1569591
1570086
1570233
1570332
1570345
1570498
1570856
1571260
1571380
1571418
1571582
1571583
1571923
1571984
1571997
1572064
1572164
1572272
1572397
1572696
1572717
1572777
1572804
1573029
1573165
1573333
1573391
1573400
1573811
1573926
1574065
1574157
1574369
1574468
1574484
1574625
1574693
1574959
1574980
1575016
1575027
1575203
1575213
1575428
1575470
1575637
1575645
1575694
1575791
1575919
1576106
1576287
1576349
1576355
1576403
1576479
1576561
1576743
1576754
1576800
1576895
1577100
1577214
1577491
1577605
1577796
1577832
1577846
1577927
1577992
1578193
1578260
1578566
1578717
1578980
1579055
1579129
1579557
1579601
1579609
1579853
1580276
1580322
1580448
1580710
1580830
1580901
1580927
1580994
1581002
1581147
1581288
1581448
1581489
1581549
1581561
1581872
1581962
1582009
1582053
1582145
1582306
1582321
1582506
1582553
1582623
1582689
1582695
1582776
1582867
1583035
1583041
1583060
1583151
1583329
1583400
1583530
1583607
1583638
1584162
1584234
1584250
1584325
1584591
1584677
1584757
1585153
1585215
1585221
1585440
1585455
1585586
1585592
1585674
1585804
1586030
1586266
1586349
1586399
1586479
1586518
1586734
1586925
1586974
1587173
1587446
1587670
1587681
1587794
1587902
1587939
1587998
1588089
1588540
1588759
1588770
1588930
1589064
1589073
1589159
1589708
1589887
1589974
1590068
1590084
1590085
1590120
1590249
1590261
1590284
1590294
1590298
1590302
1590394
1590642
1590656
1590944
1590997
1591057
1591123
1591267
1591320
1591496
1591619
1591808
1591846
1591948
1591980
1592450
1592453
1592652
1592903
1592938
1592940
1593117
1593136
1593166
1593240
1593513
1593636
1593715
1593864
1593896
1593971
1594645
1594720
1594766
1595075
1595108
1595657
1595806
1595859
1595954
1595965
1596523
1596841
1596850
1596944
1596950
1597190
1597253
1597265
1597302
1597598
1597612
1597766
1597891
1597948
1597993
1598011
1598137
1598414
1598429
1598602
1598684
1598717
1598783
1598857
1598865
1599077
1599186
1599229
1599446
1599485
1599507
1599641
1599751
1600178
1600260
1600299
1600367
1600485
1600505
1600522
1600596
1600876
1601358
1601448
1601750
1601774
1601958
1601997
1602005
1602189
1602222
1602230
1602291
1602349
1602480
1602573
1602731
1602891
1603024
1603079
1603083
1603216
1603252
1603424
1603519
1603589
1603603
1603751
1603871
1603958
1604046
1604114
1604128
1604285
1604447
1604525
1604589
1604655
1604707
1604789
1604828
1604905
1605279
1605317
1605517
1605597
1605786
1605860
1606068
1606180
1606559
1606605
1606697
1606853
1606900
1607086
1607181
1607221
1607304
1607310
1607470
1607486
1607605
1607775
1607863
1607944
1608020
1608182
1608203
1608248
1608405
1608524
1608551
1608616
1608619
1608824
1609043
1609096
1609124
1609321
1609342
1609460
1609515
1609600
1609627
1609641
1609690
1610122
1610286
1610330
1610358
1610369
1610472
1610717
1610742
1610933
1611065
1611194
1611289
1611689
1611805
1611935
1612042
1612441
1612457
1612872
1613115
1613123
1613125
1613469
1613544
1613618
1613670
1613691
1613703
1613950
1614049
1614073
1614220
1614292
1614350
1614380
1614439
1614872
1615138
1615548
1615591
1615715
1615791
1615888
1615949
1616081
1616363
1616473
1616491
1616528
1616539
1616591
1616748
1616752
1616940
1617068
1617086
1617089
1617375
1617415
1617668
1617915
1618255
1618271
1618318
1618389
1618469
1618634
1618829
1618857
1618969
1619101
1619140
1619175
1619252
1619307
1619316
1619317
1619340
1619574
1619881
1620048
1620379
1620387
1620611
1620654
1620662
1620681
1620833
1620975
1621001
1621143
1621201
1621270
1621341
1621498
1621563
1621604
1622052
1622077
1622104
1622286
1622362
1622597
1622762
1623191
1623227
1623532
1623599
1623727
1623728
1623831
1623938
1623970
1623995
1624028
1624237
1624544
1624687
1624853
1624893
1625037
1625134
1625209
1625283
1625288
1625480
1625593
1625620
1625945
1625950
1625954
1625968
1626029
1626205
1626636
1626676
1626809
1626841
1626842
1626891
1627067
1627198
1627285
1627392
1627613
1627790
1627805
1627902
1627982
1628097
1628109
1628128
1628210
1628498
1628632
1628684
1628705
1628787
1628855
1628900
1628957
1629151
1629185
1629230
1629546
1629551
1629757
1629768
1629913
1629970
1630228
1630288
1630384
1630503
1630529
1630773
1630946
1631363
1631436
1631443
1631719
1631762
1631812
1631823
1632046
1632088
1632103
1632512
1632528
1632606
1632637
1632662
1632749
1632771
1633007
1633038
1633042
1633056
1633084
1633146
1633726
1633736
1634025
1634119
1634297
1634407
1635030
1635155
1635616
1635660
1635721
1635841
1636014
1636228
1636326
1636757
1637169
1637300
1637320
1637418
1637578
1637588
1637821
1638039
1638066
1638459
1638514
1638964
1639046
1639187
1639285
1639296
1639393
1639627
1639664
1639695
1639771
1639808
1639968
1639990
1640214
1640236
1640300
1640341
1640771
1640784
1640832
1641067
1641310
1641459
1641583
1641605
1641704
1642172
1642257
1642312
1642373
1642389
1642412
1642425
1642462
1642499
1642702
1642772
1642806
1643012
1643059
1643236
1643246
1643264
1643349
1643403
1643547
1643586
1643624
1643805
1643921
1643978
1644113
1644124
1644140
1644182
1644187
1644224
1644360
1644386
1644448
1644619
1644623
1644653
1644777
1644841
1644950
1645425
1645537
1645552
1645569
1645672
1645762
1646025
1646064
1646131
1646470
1646502
1646659
1646676
1646898
1646924
1647041
1647114
1647588
1647856
1647900
1647935
1648107
1648122
1648145
1648443
1648683
1648877
1648940
1648974
1648975
1649000
1649126
1649144
1649150
1649284
1649351
1649411
1649561
1649742
1649856
1649984
1650079
1650093
1650138
1650183
1650234
1650362
1650568
1650654
1650755
1650783
1650806
1650813
1650889
1650972
1651112
1651156
1651163
1651195
1651507
1651565
1652091
1652196
1652318
1652377
1652552
1652626
1652755
1652794
1653107
1653229
1653245
1653506
1653591
1653798
1653897
1654469
1654477
1654715
1654863
1655243
1655278
1655441
1655485
1655545
1655592
1655660
1655902
1655903
1655967
1655976
1656238
1656387
1656522
1656581
1656848
1657382
1657463
1657480
1657602
1657604
1657634
1657657
1657730
1657737
1657960
1657989
1658074
1658103
1658124
1658255
1658427
1658624
1658839
1658844
1658869
1659144
1659150
1659383
1659498
1659739
1659759
1659829
1659912
1660052
1660098
1660127
1660196
1660213
1660293
1660347
1660383
1660404
1660445
1660453
1660553
1660559
1660585
1660602
1660625
1661064
1661169
1661199
1661437
1661500
1661501
1661726
1661954
1662206
1662229
1662546
1662640
1662680
1662686
1662721
1662761
1662796
1662817
1662913
1662989
1663009
1663079
1663159
1663186
1663846
1663924
1664062
1664324
1664458
1664537
1664582
1664840
1664943
1665006
1665022
1665132
1665225
1665258
1665275
1665411
1665564
1665586
1665593
1665765
1665933
1665988
1666079
1666245
1666315
1666481
1667060
1667158
1667192
1667499
1667904
1668093
1668118
1668219
1668293
1668396
1668424
1668498
1668706
1668766
1668993
1669199
1669516
1669625
1669682
1670248
1670435
1670528
1670676
1670690
1670730
1670776
1670866
1671092
1671461
1671889
1672044
1672057
1672184
1672289
1672325
1672407
1672475
1672490
1672602
1672752
1672784
1672845
1673195
1673212
1673620
1673623
1673649
1673690
1673759
1673767
1673901
1673990
1674143
1674185
1674259
1674265
1674272
1674382
1674463
1674481
1674509
1674638
1674642
1674701
1674711
1674796
1674858
1675011
1675017
1675070
1675461
1675669
1675773
1676181
1676432
1676471
1676853
1677132
1677189
1677288
1677473
1677587
1677598
1677676
1677692
1677720
1677799
1677973
1677992
1678016
1678019
1678149
1678381
1678419
1678534
1678561
1678658
1678699
1678859
1679650
1679815
1679870
1679880
1680254
1680538
1680596
1680782
1680957
1681155
1681285
1681353
1681551
1681612
1681624
1682213
1682245
1682264
1682306
1682441
1682494
1682611
1682693
1682911
1682959
1683002
1683018
1683092
1683289
1683361
1683511
1683536
1684510
1684609
1684899
1684917
1684989
1685013
1685352
1685393
1685408
1685419
1685734
1685737
1685832
1685987
1686036
1686051
1686104
1686123
1686142
1686291
1686295
1686330
1686337
1686349
1686423
1686490
1686791
1687307
1687402
1687482
1687535
1687693
1687699
1687794
1687909
1687938
1688152
1688334
1688374
1688397
1688443
1688465
1688491
1688584
1688856
1688896
1688902
1689192
1689202
1689301
1689309
1689341
1689423
1689940
1689962
1690012
1690084
1690226
1690280
1690466
1690472
1690486
1690507
1690575
1690676
1690804
1690916
1691146
1691209
1691288
1691468
1691521
1691576
1691587
1691725
1691868
1692386
1692460
1692480
1692548
1692620
1692847
1692863
1692976
1693112
1693337
1693400
1693418
1693506
1693537
1693874
1693968
1694048
1694220
1694244
1694250
1694349
1694494
1694574
1694689
1694690
1694748
1694813
1694825
1694865
1694964
1695008
1695127
1695176
1695289
1695377
1695471
1695638
1695712
1695716
1696019
1696127
1696255
1696367
1696512
1696934
1697033
1697059
1697065
1697091
1697128
1697237
1697444
1697506
1697516
1697654
1697723
1697885
1697906
1697951
1698074
1698288
1698343
1698386
1698750
1699215
1699373
1699467
1699566
1699629
1699630
1699657
1699726
1699821
1700057
1700210
1700273
1700319
1700471
1700659
1700875
1701088
1701103
1701115
1701181
1701189
1701507
1701551
1701906
1702084
1702135
1702310
1702430
1702637
1702658
1702695
1702698
1702725
1702823
1702942
1703172
1703442
1703551
1703698
1703701
1703729
1703788
1703847
1703940
1703978
1704102
1704136
1704230
1704234
1704275
1704327
1704332
1704441
1704550
1704610
1704739
1704901
1704946
1705093
1705105
1705285
1705398
1705513
1705647
1705690
1705693
1705712
1705734
1705749
1705969
1706015
1706169
1706388
1706413
1706817
1706833
1707117
1707356
1707571
1707702
1707789
1707831
1708542
1708851
1709008
1709264
1709432
1709454
1709593
1709762
1710072
1710103
1710332
1710463
1710621
1710747
1710986
1710997
1711140
1711205
1711241
1711316
1711485
1711638
1711659
1712345
1712805
1712989
1713230
1713369
1713483
1713852
1713873
1714000
1714056
1714080
1714109
1714259
1714328
1714451
1714557
1714681
1714722
1714811
1714979
1715065
1715107
1715115
1715116
1715268
1715626
1715716
1715833
1715906
1715954
1716078
1716153
1716271
1716436
1716488
1716841
1716942
1717056
1717264
1717374
1717443
1717521
1717547
1717588
1717865
1718146
1718171
1718224
1718331
1718469
1718472
1718488
1718524
1718747
1718748
1718761
1719077
1719258
1719304
1719332
1719411
1719534
1720101
1720141
1720161
1720207
1720208
1720296
1720376
1720723
1720795
1721069
1721073
1721076
1721278
1721466
1721642
1721800
1721881
1721890
1721914
1721929
1721934
1721967
1722299
1722809
1722920
1722931
1722963
1722982
1723361
1723383
1723490
1723592
1724092
1724174
1724269
1724427
1724513
1724568
1724615
1724679
1724749
1724844
1724874
1725166
1725220
1725411
1725447
1725574
1725619
1725706
1725989
1726080
1726246
1726416
1726457
1726580
1726587
1726770
1726791
1726801
1726936
1726941
1726973
1727512
1727909
1727931
1727992
1728044
1728085
1728268
1728464
1728747
1728965
1729141
1729159
1729666
1730018
1730024
1730288
1730489
1730568
1730698
1731172
1731457
1731497
1731501
1731672
1731867
1731976
1732024
1732032
1732310
1732420
1732426
1732433
1732459
1732472
1732737
1733048
1733158
1733241
1733345
1733819
1733900
1733935
1734020
1734199
1734281
1734454
1734496
1734612
1734912
1735073
1735091
1735097
1735127
1735182
1735197
1735231
1735318
1735339
1735368
1735376
1735571
1735572
1735665
1735730
1735752
1735888
1735979
1736150
1736412
1736499
1736526
1736629
1736656
1736907
1737057
1737397
1737410
1737429
1737965
1738074
1738083
1738085
1738257
1738308
1738330
1738717
1738748
1738754
1738777
1738833
1738894
1738970
1739039
1739056
1739069
1739099
1739509
1739578
1739817
1739839
1739945
1740022
1740364
1740484
1740594
1740626
1740706
1740765
1740852
1740874
1741122
1741172
1741225
1741289
1741300
1741315
1741453
1741588
1741747
1741926
1742209
1742212
1742230
1742404
1742718
1742780
1742901
1742952
1743588
1743678
1743969
1744049
1744078
1744310
1744311
1744314
1744377
1744601
1744761
1744967
1745149
1745493
1745521
1745572
1745581
1745593
1745842
1745894
1745942
1746013
1746021
1746067
1746074
1746119
1746124
1746221
1746309
1746323
1746370
1746391
1746559
1746599
1746615
1746670
1746986
1746996
1747619
1747643
1747766
1747770
1748127
1748145
1748680
1748885
1748972
1749307
1749471
1749515
1749543
1749692
1749870
1749878
1750029
1750058
1750217
1750571
1750652
1750670
1750835
1751159
1751236
1751386
1751489
1751532
1751580
1751595
1751637
1751660
1751730
1751992
1752047
1752118
1752130
1752263
1752306
1752311
1752404
1752474
1752535
1752558
1752618
1752689
1752888
1752892
1752946
1753465
1753560
1753780
1753806
1753813
1753866
1753878
1753962
1754191
1754205
1754387
1754608
1754656
1754660
1754951
1755123
1755156
1755179
1755304
1755702
1755983
1756162
1756273
1756460
1756542
1756666
1756755
1756786
1756828
1757014
1757041
1757086
1757265
1757378
1757534
1757553
1757758
1757888
1758536
1758932
1758951
1758988
1759171
1759250
1759666
1759668
1759746
1759908
1760125
1760155
1760167
1760183
1760218
1760562
1760580
1760628
1760636
1760700
1761222
1761388
1761507
1761693
1761699
1761857
1761863
1761936
1761984
1762096
1762154
1762304
1762371
1762615
1762863
1763290
1763521
1763685
1763923
1763946
1763995
1764569
1764600
1764623
1764693
1764841
1765012
1765083
1765163
1765327
1765485
1765706
1765792
1766044
1766222
1766235
1766328
1766364
1766636
1766807
1767306
1767497
1767849
1767873
1768009
1768019
1768039
1768066
1768277
1768385
1768400
1768408
1768538
1768610
1768926
1768943
1769024
1769379
1769412
1769524
1769528
1769912
1770129
1770490
1770569
1770591
1770752
1771257
1771261
1771425
1771768
1771851
1771900
1771936
1771945
1771950
1771966
1772209
1772244
1772484
1772542
1772626
1772641
1772696
1772788
1772882
1773051
1773063
1773448
1773688
1773855
1774031
1774099
1774205
1774229
1774301
1774359
1774499
1774734
1774745
1774766
1774772
1774786
1775054
1775231
1775395
1775508
1775577
1775593
1775609
1775734
1775741
1775780
1775836
1775969
1776044
1776102
1776269
1776402
1776537
1776577
1776673
1776864
1776879
1776930
1777217
1777438
1777534
1777665
1777766
1777916
1778025
1778057
1778071
1778675
1778899
1779120
1779170
1779212
1779308
1779355
1779410
1779521
1779547
1779624
1779652
1779720
1779792
1779805
1780390
1780537
1780762
1780991
1781176
1781308
1781422
1781439
1781487
1781533
1781703
1782140
1782147
1782393
1782542
1782673
1782678
1782756
1782880
1782917
1783015
1783196
1783313
1783324
1783402
1783408
1783448
1783452
1783515
1783925
1784051
1784250
1784278
1784407
1784475
1784608
1784740
1785048
1785082
1785420
1785694
1785790
1785928
1785963
1786044
1786344
1786366
1786372
1786451
1786577
1786825
1786864
1786872
1786907
1786941
1786967
1786987
1787100
1787163
1787313
1787355
1787387
1787494
1787593
1787796
1787896
1788105
1788177
1788307
1788308
1788316
1788349
1788531
1788668
1788737
1788954
1789085
1789186
1789221
1789237
1789404
1789564
1789575
1789620
1789645
1789710
1789727
1789743
1789895
1789940
1790017
1790067
1790125
1790176
1790245
1790278
1790378
1790460
1790599
1790664
1790758
1790933
1791043
1791046
1791097
1791152
1791262
1791383
1791428
1791732
1792150
1792480
1792508
1792609
1792649
1792672
1792698
1792821
1792893
1792965
1792989
1793007
1793222
1793304
1793540
1793811
1793884
1794113
1794221
1794292
1794294
1794358
1794578
1794609
1794613
1794687
1794715
1794777
1794847
1795155
1795671
1795754
1795830
1795964
1795992
1796007
1796063
1796171
1796357
1796378
1796404
1796841
1797123
1797251
1797375
1797586
1797851
1798009
1798452
1798512
1798536
1798551
1798833
1798891
1798931
1798962
1799224
1799417
1799623
1799705
1799748
1799844
1800004
1800207
1800560
1801026
1801260
1801276
1801644
1801667
1801744
1801745
1801879
1801917
1802201
1802233
1802369
1802667
1802687
1802709
1802909
1802926
1803109
1803285
1803789
1804176
1804247
1804560
1804564
1804607
1804831
1804836
1804867
1805052
1805089
1805205
1805258
1805293
1805385
1805421
1805634
1805678
1805725
1805739
1805861
1805939
1806012
1806440
1806727
1806732
1806768
1806857
1806859
1807105
1807233
1807300
1807340
1807423
1807847
1807929
1807942
1807955
1807982
1807999
1808005
1808033
1808095
1808105
1808354
1808400
1808450
1808589
1808591
1808786
1808844
1808891
1808978
1809091
1809139
1809241
1809312
1809350
1809463
1809621
1809629
1809753
1809805
1809952
1810079
1810106
1810195
1810258
1810407
1810615
1810837
1810908
1811250
1811281
1811296
1811299
1811616
1811627
1811651
1811901
1812140
1812234
1812270
1812285
1812327
1812626
1812788
1813102
1813277
1813335
1813374
1813498
1813620
1813636
1813734
1813886
1814099
1814179
1814201
1814448
1814559
1814568
1814610
1814754
1815212
1815319
1815435
1815478
1815616
1815809
1816213
1816269
1816561
1816600
1817034
1817142
1817408
1817410
1817564
1817612
1817724
1817732
1817811
1818002
1818073
1818136
1818303
1818466
1818575
1818578
1818819
1818896
1818911
1818935
1819222
1819269
1819298
1819349
1819386
1819426
1819797
1820064
1820263
1820394
1820432
1820449
1820528
1820572
1820610
1820631
1820881
1821003
1821144
1821273
1821723
1821770
1821950
1821980
1822113
1822296
1822297
1822354
1822474
1822485
1822624
1822704
1822966
1823001
1823015
1823088
1823122
1823161
1823215
1823230
1823527
1823546
1823616
1823725
1823875
1824136
1824414
1824471
1824649
1824802
1824809
1824837
1825051
1825268
1825303
1825362
1825416
1825489
1825546
1825698
1825788
1825825
1826387
1826521
1826542
1826655
1826728
1826829
1827036
1827106
1827449
1827538
1827830
1827870
1827891
1827951
1827986
1828261
1828356
1828503
1828607
1828915
1828916
1829058
1829079
1829216
1829330
1829390
1829468
1829486
1829711
1829742
1829781
1829879
1829914
1830302
1830344
1830365
1830653
1830689
1830729
1830905
1831101
1831516
1831538
1831962
1831969
1832126
1832159
1832178
1832374
1832394
1832397
1832649
1832787
1832802
1832883
1833030
1833229
1833274
1833739
1833797
1834226
1834287
1834288
1834491
1834657
1834941
1834988
1835163
1835195
1835308
1835525
1835641
1835649
1835862
1836047
1836103
1836402
1836431
1836781
1836828
1836995
1837105
1837193
1837305
1837610
1837630
1837860
1838055
1838131
1838204
1838223
1838342
1838379
1838442
1838518
1838524
1838930
1838972
1839185
1839307
1839320
1839344
1839394
1839418
1839443
1839477
1839511
1839566
1839567
1839608
1839901
1840209
1840239
1840710
1840749
1841126
1841159
1841160
1841173
1841300
1841329
1841415
1841443
1841586
1841708
1841722
1841786
1841885
1841968
1842085
1842482
1842733
1842976
1843057
1843070
1843267
1843470
1843585
1843621
1843651
1844532
1844556
1844705
1844814
1844860
1844948
1845032
1845053
1845073
1845317
1845334
1845508
1845611
1845800
1845855
1845964
1846146
1846203
1846334
1846338
1846339
1846396
1846593
1846615
1846679
1846854
1846937
1846984
1847168
1847178
1847187
1847254
1847316
1847510
1847621
1847670
1847737
1848168
1848335
1848367
1848461
1848530
1848690
1848766
1848940
1848992
1849050
1849140
1849312
1849331
1849617
1849737
1849783
1850858
1850926
1850957
1850969
1850991
1850997
1851003
1851062
1851087
1851127
1851138
1851255
1851428
1851481
1851533
1851890
1851981
1852422
1852479
1852867
1852895
1853149
1853171
1853319
1853804
1853872
1853923
1854061
1854112
1854266
1854386
1854389
1854393
1854611
1854640
1854647
1854784
1855156
1855184
1855317
1855322
1855328
1855555
1855557
1855965
1856018
1856293
1856695
1856730
1856829
1857696
1857728
1858021
1858374
1858396
1858536
1858669
1858779
1858815
1858820
1858821
1858899
1859241
1859278
1859288
1859361
1859527
1859592
1859975
1860141
1860143
1860225
1860378
1860755
1861034
1861055
1861615
1861752
1861812
1861870
1862015
1862069
1862126
1862131
1862211
1862218
1862675
1863099
1863291
1863355
1863376
1863491
1863559
1863677
1863999
1864105
1864203
1864254
1864466
1864541
1864713
1864841
1864855
1864894
1865005
1865038
1865602
1865790
1865868
1865899
1865930
1866457
1866512
1866816
1866928
1866953
1867044
1867070
1867104
1867114
1867362
1867420
1867463
1867570
1867574
1867688
1867827
1867890
1867911
1868037
1868205
1868468
1868813
1868942
1868997
1869015
1869275
1869518
1869587
1869622
1869942
1870124
1870180
1870776
1870915
1871208
1871259
1871430
1872045
1872066
1872084
1872090
1872183
1872323
1872476
1872736
1872778
1872886
1872939
1873044
1873073
1873145
1873160
1873334
1873627
1873783
1873796
1873890
1873977
1874021
1874075
1874172
1875266
1875450
1875461
1875491
1875588
1875658
1875947
1876172
1876253
1876275
1876282
1876353
1876368
1876553
1876657
1876666
1876725
1876803
1876831
1876954
1877004
1877557
1877665
1877883
1877893
1877968
1878091
1878294
1878324
1878767
1878772
1878858
1879256
1879287
1879392
1879440
1879917
1880302
1880590
1880643
1880852
1881284
1881287
1881304
1882022
1882151
1882163
1882215
1882338
1882570
1882587
1882761
1882830
1882881
1882957
1882992
1883241
1883344
1883378
1883493
1883589
1883620
1883868
1883876
1883896
1883906
1884084
1884117
1884325
1884495
1884531
1884660
1884704
1884819
1885207
1885377
1885411
1885418
1885596
1885690
1885769
1885779
1885900
1886010
1886011
1886033
1886309
1886366
1886477
1886516
1886669
1886937
1886954
1887082
1887135
1887282
1887340
1887367
1887465
1887530
1887573
1887652
1887936
1888022
1888093
1888381
1888489
1888553
1888782
1888865
1888879
1888966
1889000
1889084
1889284
1889361
1889380
1889951
1889955
1889959
1890048
1890052
1890261
1890273
1890306
1890353
1890474
1890500
1890707
1890829
1890966
1890994
1891077
1891174
1891182
1891259
1891285
1891346
1891374
1891376
1891735
1891932
1892032
1892285
1892437
1892586
1892623
1892712
1892731
1892815
1892821
1893512
1893539
1893753
1893764
1893859
1893860
1894271
1894302
1894342
1894420
1894472
1894493
1894551
1894578
1894604
1894605
1894982
1895025
1895063
1895084
1895401
1895549
1895800
1895801
1895856
1896010
1896013
1896090
1896222
1896275
1896453
1896549
1896843
1896903
1896936
1896962
1897267
1897278
1897313
1897388
1897918
1898163
1898196
1898231
1898284
1898544
1898642
1898664
1898754
1898833
1898945
1899032
1899370
1899766
1899895
1900193
1900303
1900568
1900882
1900937
1901022
1901236
1901629
1901891
1902108
1902167
1902224
1902395
1902613
1902615
1902668
1902721
1902752
1902863
1902893
1903142
1903147
1903161
1903207
1903238
1903280
1903326
1903344
1903377
1903528
1903723
1903778
1904733
1904910
1904932
1905003
1905087
1905096
1905127
1905295
1905358
1905399
1905449
1905610
1905668
1905698
1905880
1905897
1905917
1906048
1906186
1906278
1906415
1906419
1906495
1906739
1906981
1906997
1907118
1907162
1907199
1907388
1907514
1907531
1907728
1907924
1908000
1908023
1908032
1908072
1908194
1908317
1908541
1908564
1908605
1908727
1908992
1909253
1909326
1909514
1909727
1909752
1909794
1909884
1909945
1910002
1910025
1910206
1910273
1910340
1910425
1910742
1910755
1910760
1910775
1910845
1910965
1911078
1911102
1911193
1911215
1911613
1911826
1912305
1912408
1912450
1912500
1912589
1912711
1913103
1913213
1913482
1913583
1913617
1913687
1913767
1913873
1913973
1914026
1914044
1914067
1914171
1914212
1914213
1914479
1914544
1914563
1914654
1914743
1914819
1915057
1915058
1915098
1915232
1915329
1915344
1915447
1915668
1915669
1915914
1916199
1916200
1916216
1916412
1916580
1916688
1916945
1917062
1917139
1917704
1917748
1917805
1918113
1918447
1918587
1918692
1918783
1918866
1919061
1919250
1919265
1919607
1919849
1920026
1920120
1920238
1920615
1920658
1920717
1920949
1921116
1921234
1921257
1921359
1921361
1921366
1921369
1921402
1921540
1921916
1921951
1921987
1922058
1922099
1922253
1922445
1922666
1922678
1922920
1922921
1922932
1923463
1923637
1923695
1923718
1923915
1924020
1924178
1924315
1924337
1924449
1924502
1924504
1924570
1924576
1924670
1924741
1924882
1925448
1925455
1925477
1925546
1925796
1926193
1926282
1926284
1926335
1926657
1926773
1926991
1927271
1927347
1927362
1927434
1927551
1927572
1927731
1927806
1927867
1927932
1928146
1928346
1928355
1928674
1929405
1929457
1929780
1929811
1929822
1929867
1929929
1930129
1930131
1930190
1930271
1930279
1930331
1930333
1930657
1931251
1931573
1931621
1931713
1931717
1931819
1931848
1931851
1932036
1932102
1932294
1932332
1932516
1932519
1932598
1932769
1932939
1933102
1933128
1933231
1933325
1933406
1933410
1934056
1934149
1934229
1934278
1934324
1934566
1934666
1934730
1934736
1934773
1934782
1934816
1935065
1935229
1935267
1935367
1935390
1935428
1935467
1935528
1935814
1935888
1935935
1936065
1936456
1936929
1937191
1937216
1937574
1937701
1937784
1937989
1938154
1938457
1938478
1938514
1938775
1938900
1939315
1939481
1939609
1939743
1939905
1939999
1940048
1940207
1940271
1940454
1940563
1940585
1940598
1940637
1940690
1940845
1940850
1940867
1941043
1941151
1941160
1941285
1941289
1941335
1941382
1941514
1941530
1941705
1941709
1941970
1942009
1942084
1942569
1942663
1942750
1942765
1942831
1942900
1943334
1943517
1943562
1944088
1944112
1944178
1944266
1944308
1944357
1944525
1944770
1944807
1944947
1944956
1945126
1945201
1945403
1945468
1945607
1945661
1945765
1945848
1945860
1946063
1946086
1946171
1946294
1946310
1946389
1946616
1946742
1946865
1946877
1946884
1946935
1947026
1947059
1947084
1947422
1947482
1947506
1947720
1947739
1947949
1947990
1948220
1948326
1948464
1948475
1948679
1948798
1948815
1948835
1949067
1949123
1949467
1949637
1949873
1949921
1950279
1950427
1950497
1950516
1950523
1950576
1950585
1950689
1950749
1950792
1951044
1951435
1951487
1951637
1951648
1951673
1952020
1952206
1952459
1952461
1952534
1952681
1952692
1953091
1953101
1953218
1953381
1953488
1953580
1953677
1953693
1953768
1954215
1954330
1954439
1954516
1954581
1954624
1954707
1954717
1954791
1954859
1954984
1955038
1955042
1955242
1955443
1955738
1955907
1955923
1956105
1956196
1956238
1956433
1956568
1956684
1956849
1956922
1957075
1957311
1957350
1957818
1957845
1957926
1958198
1958278
1958378
1958455
1958481
1958810
1958965
1958976
1959037
1959250
1959392
1959395
1959508
1959572
1959842
1959863
1960435
1960932
1960938
1961111
1961197
1961249
1961403
1961450
1961466
1961572
1961757
1961778
1961833
1962597
1962750
1962770
1962809
1962902
1962939
1963148
1963153
1963191
1963206
1963231
1963433
1963474
1963519
1963539
1963548
1963560
1963670
1963745
1963852
1963878
1963897
1964084
1964125
1964151
1964261
1964740
1964827
1964840
1964990
1965038
1965113
1965155
1965212
1965328
1965374
1965505
1965556
1965857
1965890
1965968
1966028
1966102
1966187
1966287
1966558
1966618
1966735
1966812
1967116
1967279
1967362
1967421
1967468
1967493
1967523
1967606
1967946
1968304
1968543
1968887
1968920
1968997
1969059
1969160
1969327
1969613
1969711
1969742
1969867
1969960
1970042
1970176
1970494
1970742
1970930
1971023
1971255
1971492
1971790
1971805
1971858
1971867
1971970
1972055
1972116
1972370
1972389
1972534
1972629
1972654
1972748
1973239
1973563
1973690
1973753
1973783
1974139
1974358
1974487
1974588
1974998
1975141
1975255
1975432
1975461
1975561
1975639
1975978
1975993
1976154
1976186
1976454
1976490
1976643
1976658
1976996
1977007
1977088
1977345
1977497
1977513
1977604
1977815
1977828
1977896
1978493
1978638
1978688
1979017
1979089
1979450
1979453
1979709
1979739
1979799
1979861
1979884
1980185
1980242
1980308
1980383
1980492
1980543
1980721
1981020
1981296
1981356
1981511
1981527
1981547
1981716
1981795
1981828
1982175
1982318
1982382
1982423
1982828
1982930
1982980
1983206
1983222
1983233
1983503
1983791
1983883
1984161
1984186
1984193
1984296
1984332
1984518
1984821
1984838
1984878
1984890
1985103
1985796
1985844
1985960
1986119
1986329
1986532
1986629
1986796
1986841
1987006
1987137
1987152
1987234
1987304
1987431
1987791
1987805
1988113
1988126
1988298
1988343
1988764
1988891
1989099
1989147
1989196
1989297
1989394
1989421
1989472
1989654
1989982
1990063
1990076
1990181
1990265
1990511
1990529
1990633
1990707
1990968
1991054
1991103
1991141
1991336
1991408
1991625
1991937
1992091
1992196
1992269
1992429
1992500
1993136
1993196
1993392
1993426
1993951
1994025
1994043
1994224
1994489
1994671
1994845
1994916
1994998
1995040
1995179
1995224
1995225
1995340
1995370
1995495
1995594
1995962
1996030
1996101
1996140
1996151
1996614
1996651
1996848
1996891
1996893
1996987
1997015
1997178
1997217
1997237
1997250
1997346
1997357
1997579
1997590
1997662
1997728
1997752
1997795
1998029
1998244
1998288
1998475
1998534
1998555
1998620
1998765
1998768
1999090
1999174
1999424
1999433
1999524
1999892
2000242
2000266
2000398
2000438
2000665
2000730
2000922
2001134
2001151
2001181
2001482
2001950
2001957
2002568
2002584
2002650
2002694
2002721
2003088
2003093
2003158
2003191
2003548
2003665
2003668
2003729
2004164
2004521
2004608
2004734
2004891
2005139
2005168
2005314
2005375
2005394
2005570
2005651
2005666
2005921
2005976
2006174
2006340
2006360
2006614
2006878
2007177
2007483
2007608
2007624
2008005
2008289
2008335
2008341
2008354
2008563
2008638
2008673
2008768
2009005
2009085
2009088
2009203
2009340
2009396
2009460
2009481
2009622
2009664
2009788
2009929
2010137
2010261
2010388
2010496
2010619
2010891
2010903
2010956
2011160
2011208
2011392
2011404
2011564
2011695
2011696
2011876
2012063
2012083
2012165
2012191
2012494
2012685
2012836
2013025
2013187
2013256
2013269
2013374
2013576
2013597
2013818
2013927
2013981
2014146
2014180
2014422
2014583
2014614
2014621
2014695
2014699
2014803
2014863
2014957
2015182
2015256
2015261
2015305
2015352
2015405
2015499
2015592
2015605
2015631
2015868
2016246
2016625
2016692
2016718
2016726
2016806
2016822
2016957
2017011
2017147
2017294
2017498
2017827
2017905
2017919
2017994
2018043
2018049
2018124
2018335
2018380
2018507
2018549
2018561
2018603
2018709
2019128
2019232
2019366
2019500
2019523
2019750
2019807
2019915
2020041
2020067
2020181
2020308
2020327
2020394
2020450
2020751
2020788
2020879
2020928
2021197
2021278
2021381
2021492
2021497
2021503
2021712
2021813
2022349
2022353
2022469
2022554
2022573
2022590
2022601
2022654
2022799
2022985
2023031
2023218
2023461
2023502
2023657
2023900
2023929
2024209
2024235
2024296
2024340
2024575
2024654
2024732
2025530
2025793
2025863
2025900
2026096
2026290
2026723
2026889
2026989
2027010
2027121
2027188
2027543
2027646
2027681
2027699
2027842
2027853
2028082
2028224
2028586
2028643
2028894
2029038
2029126
2029178
2029216
2029289
2029298
2029422
2029432
2029440
2029734
2029809
2029941
2029987
2029998
2030006
2030130
2030485
2030496
2030684
2030698
2030720
2030830
2030876
2030905
2031012
2031133
2031155
2031261
2031375
2031514
2031591
2031622
2031796
2031936
2031937
2032048
2032174
2032224
2032364
2032406
2032492
2032527
2032569
2032850
2032989
2033186
2033231
2033271
2033719
2033811
2033923
2033949
2034042
2034256
2034292
2034375
2034438
2034760
2035053
2035111
2035117
2035140
2035322
2035426
2035449
2035964
2035991
2036018
2036069
2036111
2036151
2036162
2036256
2036298
2036328
2036460
2036483
2036529
2036659
2037022
2037043
2037044
2037120
2037148
2037155
2037196
2037590
2037673
2037708
2037710
2037776
2037837
2037879
2037962
2038088
2038155
2038169
2038215
2038235
2038392
2038458
2038637
2038657
2038680
2038705
2038914
2039017
2039103
2039121
2039145
2039726
2039817
2039890
2039956
2039993
2040152
2040157
2040261
2040378
2040424
2040533
2040919
2041239
2041425
2041438
2041572
2041615
2041945
2042021
2042092
2042124
2042298
2042310
2042684
2042877
2042904
2042910
2042978
2043056
2043188
2043193
2043199
2043294
2043563
2043713
2043962
2044026
2044112
2044234
2044441
2044736
2044751
2044814
2044870
2045006
2045028
2045132
2045292
2045342
2045385
2045619
2045716
2045965
2046047
2046052
2046086
2046121
2046364
2046524
2046632
2046650
2046664
2046665
2046717
2046771
2047018
2047227
2047370
2047600
2047639
2047861
2048004
2048065
2048088
2048129
2048175
2048184
2048425
2048554
2048728
2048735
2048791
2049582
2049857
2049934
2049964
2050178
2050226
2050378
2050560
2050809
2050843
2051004
2051049
2051248
2051366
2051414
2051550
2051600
2051764
2051966
2052001
2052495
2052699
2052902
2052955
2052996
2053072
2053136
2053204
2053298
2053385
2053583
2053948
2053955
2053998
2054139
2054242
2054384
2054405
2054531
2054535
2054589
2054779
2055002
2055045
2055160
2055187
2055270
2055653
2055731
2055741
2055745
2056019
2056153
2056169
2056383
2056532
2056879
2056890
2057123
2057149
2057155
2057275
2057452
2057482
2057569
2057587
2057713
2057816
2057863
2058084
2058168
2058239
2058274
2058505
2058605
2058680
2058734
2059018
2059026
2059028
2059031
2059270
2059431
2059543
2059745
2059753
2059885
2059921
2060047
2060071
2060091
2060122
2060179
2060290
2060400
2060414
2060519
2060688
2061175
2061449
2061552
2061620
2061705
2061709
2062236
2062340
2062577
2062726
2062805
2063072
2063228
2063327
2063328
2063432
2063464
2063881
2064595
2064634
2064914
2064926
2064930
2065040
2065163
2065189
2065372
2065478
2065630
2066012
2066256
2066426
2067099
2067341
2067736
2067769
2067860
2067872
2068087
2068154
2068188
2068223
2068524
2068567
2068861
2068895
2068973
2069391
2069680
2069859
2069978
2070065
2070187
2070828
2070873
2071130
2071172
2071278
2071368
2071443
2071620
2071644
2071737
2071838
2072125
2072288
2072297
2072461
2072603
2072643
2072695
2072890
2072901
2073013
2073340
2073410
2073442
2073471
2073620
2073624
2073673
2073766
2073843
2074036
2074144
2074201
2074216
2074261
2074648
2074680
2074948
2075006
2075577
2075623
2075746
2075763
2075767
2075891
2075924
2075932
2075994
2076114
2076354
2076865
2076945
2077014
2077063
2077125
2077129
2077220
2077278
2077659
2077691
2077699
2077812
2077816
2077870
2077903
2077945
2077984
2078320
2078470
2078632
2078707
2078760
2078815
2078886
2078919
2078935
2079235
2079342
2079464
2079532
2079636
2079794
2079816
2079829
2079890
2080183
2080333
2083298
2084694
2085341
2085863
2085948
2087075
2087271
2087457
2087505
2087850
2089446
2090244
2090897
2092530
2093137
2093455
2094570
2094586
2095055
2095271
2096153
2096668
2097266
2097804
2097826
2098495
2098608
2099030
2099373
2100691
2103324
2103899
2104020
2104464
2105027
2107530
2108101
2108427
2108985
2109709
2110529
2113638
2114465
2115112
2116021
2116124
2117389
2117766
2117992
2119139
2120549
2120589
2120961
2123861
2124713
2126980
2128033
2129096
2129348
2129780
2130079
2131396
2131604
2132080
2132597
2134286
2135043
2135795
2137722
2138038
2139354
2140250
2141919
2142580
2144908
2146337
2146740
2147668
2148041
2148707
2148732
2148993
2149523
2150150
2150358
2150416
2150417
2151351
2152731
2153261
2153609
2155035
2155230
2155830
2155942
2156143
2156528
2156854
2156931
2156956
2157292
2158818
2161041
2161167
2161720
2162026
2165956
2166937
2168403
2169036
2170321
2170583
2171360
2174041
2174629
2174894
2175501
2175776
2176148
2176711
2176857
2178317
2178379
2178435
2179175
2179243
2179248
2179846
2181456
2182564
2183720
2184727
2185397
2185486
2185819
2186724
2186848
2187825
2187866
2187955
2188964
2189035
2189242
2191724
2192319
2192480
2192526
2192857
2192877
2194277
2194527
2194690
2197016
2198106
2198824
2199355
2199497
2200199
2201164
2201346
2202156
2202881
2203043
2204826
2205347
2206112
2206281
2206963
2207003
2207164
2207312
2207768
2209509
2211400
2213237
2213569
2213641
2213679
2214541
2214856
2214941
2215363
2215408
2217023
2218588
2218899
2220852
2220901
2221203
2221390
2221825
2222329
2223659
2223709
2223761
2226247
2226394
2227366
2227998
2228939
2228992
2229806
2230033
2230104
2231417
2232611
2232654
2233800
2235206
2235209
2235613
2236564
2236738
2236794
2236818
2236878
2236946
2237269
2238190
2238844
2238973
2239861
2241150
2241180
2241354
2241569
2241685
2242638
2244350
2244415
2244849
2245737
2245836
2246284
2247664
2247708
2248532
2249473
2249699
2249775
2251361
2251821
2252412
2252488
2252794
2253100
2254116
2254826
2255930
2256224
2256992
2257155
2258527
2258767
2259023
2259948
2261310
2261497
2261546
2261609
2263474
2264034
2265978
2266387
2266686
2267645
2269615
2270109
2270648
2271183
2271446
2271693
2271780
2272055
2272115
2272256
2272872
2273724
2274033
2274563
2274952
2276342
2276521
2276936
2277215
2277482
2278298
2278341
2280926
2281302
2281577
2281885
2281942
2282122
2283257
2283674
2285355
2285417
2286685
2286758
2287618
2287800
2287850
2289458
2289817
2290255
2291615
2294543
2296539
2297844
2299281
2299566
2300157
2300456
2301058
2302873
2306760
2309339
2309967
2310999
2311173
2311698
2312731
2313492
2314600
2315485
2316967
2317339
2317406
2317884
2318107
2318615
2321073
2321216
2321431
2321631
2322119
2322396
2325217
2325406
2326303
2327587
2329113
2329142
2329777
2333799
2334390
2334596
2334755
2334780
2335893
2336042
2336136
2336173
2336235
2338682
2338920
2341652
2342096
2342880
2344540
2345332
2345684
2346025
2347210
2347305
2348127
2348145
2350052
2351635
2351729
2352414
2352599
2352858
2354345
2354436
2355275
2358013
2358107
2358307
2358384
2361654
2363546
2363961
2364085
2365228
2365478
2366246
2366984
2367454
2368963
2372669
2372808
2373549
2374826
2375980
2377781
2379148
2379712
2379746
2380290
2380427
2385397
2385542
2386605
2386998
2388316
2388430
2388829
2389223
2390664
2390795
2390961
2391691
2392013
2393043
2395277
2396377
2396714
2396997
2397280
2397295
2397315
2398337
2398751
2399583
2399852
2400646
2401035
2401191
2401232
2401270
2401495
2401814
2402734
2402986
2403171
2403678
2403778
2403805
2403937
2404154
2404994
2405633
2407837
2408350
2409711
2409926
2410383
2410916
2412848
2413041
2413587
2414165
2414429
2414791
2415138
2415541
2415694
2417493
2417594
2418662
2418826
2419017
2419380
2419959
2422904
2424479
2426885
2426970
2427282
2428576
2429162
2431266
2433764
2434950
2435429
2435745
2436297
2437117
2438907
2439926
2440015
2440373
2444089
2444729
2444817
2447507
2448542
2448870
2449134
2449167
2449527
2449537
2449565
2449599
2450297
2450577
2451052
2451142
2452700
2455080
2457128
2458210
2458595
2458630
2458874
2459983
2460279
2460633
2461623
2463327
2464679
2465008
2465359
2467385
2468138
2468563
2468680
2469379
2470076
2470438
2470442
2471990
2473109
2473761
2474732
2475093
2475988
2476063
2477673
2478404
2478508
2479681
2481555
2482135
2483224
2485725
2485816
2486115
2487349
2488287
2488860
2489033
2489730
2490035
2490528
2491252
2494753
2495280
2495739
2497863
2497977
2498204
2498360
2499799
2499914
2500182
2500538
2501215
2502321
2504639
2506465
2507269
2509293
2510451
2512274
2512980
2515590
2517802
2518973
2520066
2521477
2522883
2523233
2524067
2524234
2524244
2524247
2524434
2525450
2525743
2526970
2527281
2527530
2528477
2528573
2528727
2529114
2529621
2530759
2533213
2534621
2536526
2537658
2537677
2537866
2537930
2538432
2539050
2539250
2539447
2539470
2540451
2541499
2543862
2543876
2544152
2544651
2545118
2545731
2546546
2547670
2549595
2551085
2551506
2551656
2552467
2553083
2553788
2553865
2553934
2554122
2555123
2556558
2557282
2557900
2558530
2558975
2559018
2559845
2560877
2561221
2561609
2563049
2563449
2563900
2563969
2564264
2564543
2564676
2565808
2567198
2567326
2567517
2568234
2568756
2570044
2570308
2571105
2572038
2572610
2573415
2574065
2574523
2574692
2574988
2575218
2575426
2575644
2576164
2577105
2577183
2577238
2577274
2578305
2578851
2579903
2580925
2582435
2582762
2583522
2584883
2586678
2588865
2591503
2592537
2592670
2594156
2594239
2594468
2595358
2596336
2596821
2597049
2597637
2597830
2599723
2600003
2601877
2601963
2602256
2602519
2603043
2603074
2603470
2603558
2604742
2604794
2604927
2604982
2605820
2607008
2608011
2608021
2608697
2608837
2608976
2609047
2609204
2610005
2611029
2611865
2613202
2613324
2613753
2615546
2615996
2616012
2616422
2616706
2616943
2617037
2617315
2617609
2619442
2620260
2621414
2622393
2622409
2622988
2623740
2623763
2624736
2624842
2624933
2624976
2624979
2625069
2625606
2626269
2626440
2626928
2626939
2629392
2629484
2629967
2630865
2631082
2631133
2632139
2632703
2632794
2633061
2634234
2634682
2635062
2635698
2636213
2636642
2638508
2638675
2641673
2641944
2642621
2642932
2643220
2643903
2644180
2645125
2645729
2646514
2646809
2647849
2648621
2649878
2650166
2650568
2651117
2651610
2651653
2651866
2652058
2653122
2653299
2654355
2654810
2655039
2655113
2656343
2656456
2656636
2656909
2657172
2658940
2660571
2660675
2661679
2661707
2662679
2663133
2663436
2663911
2664094
2664176
2664258
2664291
2665835
2665951
2666081
2668881
2669064
2669191
2669268
2669278
2669395
2669684
2669692
2670049
2671729
2672060
2672818
2673884
2674082
2674527
2674617
2674772
2674841
2674963
2675184
2675681
2680267
2681695
2684745
2684796
2685650
2685990
2686724
2686727
2688088
2688918
2689502
2689985
2690756
2691108
2692439
2692843
2695761
2695815
2696304
2697387
2697537
2697931
2700663
2701467
2701646
2701663
2702197
2702289
2702938
2703467
2705449
2705460
2708205
2708556
2709232
2709703
2710195
2711267
2711322
2711636
2712355
2713715
2714535
2714609
2715225
2715370
2716408
2716876
2717209
2717804
2718798
2719088
2721067
2721317
2722243
2722529
2722805
2723110
2723177
2723713
2724187
2726317
2727354
2728027
2728923
2729386
2729631
2730037
2730388
2732029
2732329
2732379
2733283
2734622
2735170
2737364
2739157
2739197
2739663
2740061
2742224
2742753
2743449
2743468
2743814
2744066
2744306
2745923
2746102
2746695
2747326
2747747
2748217
2748298
2749328
2749521
2749565
2750123
2750422
2750635
2750656
2752134
2752617
2753700
2753727
2755370
2756328
2756349
2756378
2758553
2759420
2760610
2760755
2761574
2763523
2764325
2764809
2767113
2767430
2767504
2768511
2770716
2772144
2772364
2772454
2773816
2774718
2774812
2776263
2776420
2777579
2777596
2778353
2780105
2780790
2780990
2781359
2781795
2782392
2782852
2785569
2785683
2786574
2786660
2787001
2787970
2790491
2790766
2791553
2792425
2792541
2792790
2793565
2794677
2795062
2795594
2795651
2796452
2796799
2796842
2797661
2798551
2798891
2799356
2800525
2801012
2801153
2801416
2801564
2801812
2805801
2806814
2807624
2807646
2808196
2808485
2810445
2810477
2810484
2810509
2810881
2812845
2812925
2814684
2816899
2817384
2817408
2818248
2819035
2819785
2820759
2821989
2822761
2823167
2823190
2823381
2823424
2823608
2824004
2824411
2826679
2829522
2831181
2831579
2831887
2832106
2832186
2832718
2832814
2834546
2834824
2836113
2836156
2836696
2837234
2837975
2838030
2838449
2839458
2839907
2840734
2840832
2841028
2841042
2842314
2842752
2844413
2844942
2844969
2846268
2846292
2846907
2847673
2849008
2850097
2850464
2851213
2853439
2853585
2855373
2855639
2857014
2857713
2857973
2858238
2858785
2859242
2859856
2861174
2862008
2865837
2865956
2866501
2867016
2868216
2868927
2869504
2869811
2871011
2873488
2873732
2874696
2875326
2875512
2876597
2877137
2877887
2878097
2878170
2878657
2879365
2881349
2882614
2883241
2883791
2884322
2884502
2884919
2887115
2887947
2888705
2889195
2889402
2890988
2891069
2891209
2891252
2891489
2891612
2892761
2894195
2895573
2896737
2897355
2897834
2898515
2899086
2900418
2900707
2900854
2902359
2904594
2905040
2907590
2909797
2911210
2911438
2911678
2914272
2914378
2914465
2915069
2915621
2917506
2917534
2918617
2919476
2919732
2920325
2920335
2920606
2922264
2923910
2925531
2925726
2926222
2926223
2926242
2926654
2926901
2927067
2928052
2929452
2931295
2932056
2932552
2932767
2934516
2934646
2934770
2935440
2936975
2937896
2938162
2938338
2938700
2938753
2939616
2941215
2941359
2941709
2942249
2942958
2942962
2942969
2943042
2943691
2945827
2945840
2946424
2946848
2947726
2948173
2948503
2948732
2950551
2952040
2952820
2956960
2957348
2957371
2957663
2958576
2959485
2959592
2960081
2960648
2962232
2963301
2963539
2964039
2964192
2964996
2965882
2965947
2966729
2967147
2967515
2967724
2968760
2971162
2971546
2971659
2971754
2972878
2973138
2973289
2973995
2974005
2974867
2974896
2975050
2975222
2975727
2975767
2976314
2977448
2977959
2978336
2978992
2980156
2980320
2980617
2981020
2982048
2983122
2984003
2985494
2985919
2986007
2986371
2987059
2987081
2987416
2987420
2987642
2987679
2987821
2987835
2988367
2988573
2989550
2990699
2992857
2992902
2993378
2993627
2996045
2996551
2999163
3000363
3001016
3002485
3002830
3002988
3003045
3004221
3004462
3008331
3008355
3008756
3009957
3010302
3010843
3012095
3012724
3012993
3013163
3013434
3013787
3013874
3013970
3014217
3014464
3015193
3015374
3015522
3017571
3019276
3020054
3020207
3021302
3021804
3022577
3023369
3023470
3023900
3025039
3025319
3025542
3025633
3025944
3027639
3027976
3028316
3028841
3030047
3030875
3031289
3032252
3032457
3032860
3034753
3035599
3035706
3035737
3036710
3037041
3037261
3038075
3038911
3042700
3043303
3043669
3044961
3045435
3048806
3050478
3050881
3051039
3051370
3052649
3053556
3053837
3054585
3056754
3056852
3057182
3058839
3059948
3060547
3061572
3061791
3063538
3064345
3064678
3065319
3066307
3066349
3066961
3067261
3068081
3068304
3069832
3071938
3073042
3073471
3074462
3075434
3075959
3075989
3076973
3076995
3077167
3077683
3079282
3080027
3081296
3082046
3082367
3082803
3083670
3084531
3084966
3085507
3086281
3087226
3087516
3087701
3089306
3091878
3091947
3092439
3093266
3093617
3094223
3094603
3094676
3095069
3095421
3098253
3098399
3100795
3101053
3102587
3103506
3104615
3106478
3107171
3108869
3108887
3108939
3109464
3110383
3111873
3112243
3112880
3113459
3114120
3114523
3115209
3115390
3116459
3116713
3117627
3117742
3117857
3117878
3117912
3118169
3118324
3120886
3120928
3121478
3122697
3122735
3122781
3122838
3123089
3124696
3125862
3127228
3127878
3131541
3131729
3131949
3133431
3134564
3135422
3135818
3137510
3138231
3138381
3139697
3140243
3140459
3141620
3141650
3142076
3144723
3144765
3146968
3147318
3147335
3148001
3148082
3149941
3150097
3150394
3150469
3150983
3152362
3152382
3152888
3153182
3153304
3153361
3156416
3157526
3157620
3157886
3158627
3159203
3159264
3160002
3161451
3162257
3163257
3164823
3165167
3165619
3166422
3166956
3167405
3171545
3172034
3172216
3172499
3173577
3173695
3175252
3175533
3175910
3176579
3176831
3176890
3177126
3177695
3178089
3178278
3178774
3179961
3180182
3180300
3180990
3181948
3182784
3183270
3183946
3185555
3185590
3185809
3187155
3188425
3190330
3190647
3190812
3190876
3191078
3191528
3192197
3192594
3193321
3194206
3194209
3194715
3194727
3196780
3198024
3198228
3198449
3199299
3200346
3200644
3201070
3202927
3203987
3204426
3205066
3206685
3206915
3207383
3208540
3209944
3210778
3211328
3212725
3212894
3213811
3214003
3215942
3217087
3217303
3217519
3218177
3218282
3218288
3218430
3218579
3218618
3219144
3220138
3220174
3221706
3221722
3222671
3222755
3223487
3225929
3229223
3229458
3229917
3230666
3230857
3231218
3235225
3235533
3235931
3236228
3236392
3236671
3237123
3237538
3237722
3238829
3240904
3241585
3241638
3241827
3242046
3243800
3244692
3245810
3246949
3247445
3248359
3248443
3249013
3249142
3249193
3249787
3250996
3251539
3251676
3251963
3253081
3253367
3253690
3254531
3254713
3256096
3256478
3257547
3258736
3258991
3259089
3259318
3259442
3259591
3261335
3262329
3262351
3263431
3264632
3264679
3266239
3267038
3267633
3268375
3269704
3270050
3270497
3272179
3273049
3273100
3273397
3273999
3274995
3275908
3276289
3278809
3279085
3279752
3281009
3282943
3283791
3283999
3286613
3286804
3286920
3287344
3289078
3290252
3290959
3291352
3293437
3293522
3293761
3293982
3294905
3295673
3297248
3297975
3298564
3298784
3298816
3298927
3299297
3299546
3299625
3300082
3302009
3302565
3303694
3303863
3304451
3304937
3304947
3305241
3305281
3306225
3306385
3306777
3307108
3308298
3308669
3309159
3309365
3310370
3311150
3314505
3314699
3315247
3316803
3316950
3318035
3320446
3322600
3322886
3325489
3325627
3325995
3326266
3326995
3328247
3328825
3330391
3331023
3331704
3331707
3332367
3332795
3333859
3334361
3334979
3335317
3336377
3336410
3336969
3337169
3337445
3337744
3338231
3338346
3340682
3340910
3341391
3341503
3341732
3341963
3342680
3343320
3344004
3345371
3346846
3347543
3349256
3350199
3350514
3351005
3351089
3351339
3352451
3355480
3356838
3357709
3357909
3358357
3359017
3359399
3360310
3361237
3361500
3361989
3362216
3363368
3364662
3365075
3365079
3365218
3366205
3366742
3366769
3368147
3368286
3368469
3368858
3369257
3370238
3370315
3370698
3371108
3371751
3372462
3373788
3373871
3374010
3374379
3375821
3376077
3376436
3377018
3377175
3377225
3377922
3378040
3378574
3380276
3380701
3381890
3382562
3382688
3382728
3384566
3384614
3384988
3385299
3385813
3385998
3386087
3386411
3387242
3388568
3388841
3389397
3392264
3392412
3394130
3395219
3396534
3396915
3397140
3397354
3397655
3398474
3402142
3402283
3402439
3403931
3404023
3404177
3404313
3404657
3406344
3407318
3407386
3407522
3408975
3409167
3409202
3409467
3409979
3410056
3411971
3412215
3413733
3414199
3416910
3417474
3419434
3419696
3419752
3419990
3420014
3420736
3422452
3422489
3422984
3423014
3423818
3424159
3427398
3427712
3428074
3429049
3429260
3429800
3430835
3433293
3434832
3436311
3437239
3438060
3439010
3439840
3440431
3440520
3441944
3442733
3443373
3444023
3444128
3444826
3445399
3446151
3446744
3446951
3447256
3447432
3450905
3451383
3451818
3451916
3451918
3453209
3454214
3455252
3456117
3456393
3457035
3459280
3460233
3460321
3461821
3462153
3462792
3463240
3463927
3465694
3466631
3466706
3467239
3468455
3468867
3469255
3470082
3472275
3472732
3472776
3472965
3474562
3475092
3476166
3476294
3476849
3477185
3477880
3480433
3481141
3483400
3483872
3484018
3486311
3487118
3488602
3489065
3489340
3489679
3490512
3490735
3491081
3491088
3491252
3492897
3493369
3493392
3495424
3495797
3496387
3497715
3498199
3498637
3498764
3498982
3499505
3500501
3500534
3500613
3500621
3500660
3501290
3503356
3504206
3504605
3504818
3505066
3507094
3509378
3509553
3509646
3510100
3511068
3512012
3512328
3512812
3513173
3513292
3513532
3513725
3513752
3514082
3514285
3515848
3516367
3516933
3517846
3519026
3519168
3519941
3521212
3521987
3523351
3523539
3524319
3524633
3526188
3528080
3534068
3543268
3546890
3552644
3552704
3562366
3580286
3581159
3583131
3590196
3590969
3594433
3595007
3595404
3597635
3601917
3607601
3612356
3613940
3614568
3620370
3625173
3627067
3629142
3633911
3635272
3636698
3644874
3645663
3657890
3660473
3681324
3683046
3707675
3709251
3717310
3723090
3724231
3727703
3731393
3737719
3741063
3744501
3745683
3752112
3753212
3761906
3767438
3767744
3776925
3778006
3778541
3779995
3793844
3797050
3802169
3802604
3812579
3817636
3817762
3824058
3824198
3829879
3835155
3838716
3851550
3863255
3864071
3869857
3871930
3872337
3875877
3882272
3893750
3893797
3906996
3916611
3918830
3920258
3920814
3926183
3928090
3931723
3933560
3940788
3951552
3954700
3970696
3982412
3991546
3993741
3999352
4003243
4004162
4004703
4008242
4010093
4014268
4014664
4017106
4019573
4020413
4023283
4024099
4024994
4036240
4040252
4041312
4046655
4062275
4073398
4073483
4077173
4079383
4080906
4081292
4089550
4092316
4097034
4101547
4102736
4109929
4112577
4130123
4133510
4136053
4139800
4144241
4147397
4148812
4157304
4158730
4161293
4174427
4176406
4178577
4191311
4193968
4202026
4204901
4210174
4213006
4213297
4225068
4231238
4234552
4234884
4237243
4237797
4246761
4249981
4253565
4254365
4264412
4265110
4268669
4269101
4271456
4299492
4319008
4319811
4324993
4326435
4329251
4339559
4340874
4345272
4355052
4362777
4364265
4365823
4368301
4371893
4372428
4374066
4377508
4379156
4381699
4389055
4391534
4399825
4404041
4404046
4407754
4409298
4412229
4413064
4413784
4424755
4435636
4441355
4442254
4442718
4446805
4448909
4455198
4463253
4466187
4469630
4471174
4471780
4475718
4475947
4476850
4479772
4482283
4487480
4501932
4504456
4519650
4528727
4533686
4533967
4539830
4543704
4547027
4549248
4555480
4555850
4561630
4564163
4571757
4572373
4577425
4579517
4579750
4581639
4592860
4593138
4597688
4601164
4601449
4603214
4604643
4606774
4607580
4623812
4629447
4629551
4630171
4634428
4644211
4645282
4652976
4660642
4664465
4681339
4686850
4690401
4691476
4696556
4706354
4716944
4718644
4726107
4730784
4733210
4742565
4748168
4753014
4757999
4766441
4767220
4778441
4778974
4780793
4787169
4792428
4796671
4796990
4813503
4828323
4831427
4839420
4841964
4857445
4866370
4872821
4879622
4880553
4880559
4891152
4892499
4892872
4898211
4903413
4907822
4908595
4908808
4923141
4925005
4929461
4931022
4935179
4943046
4949235
4951928
4959290
4968881
4971884
4977911
4979720
4994762
4994779
4998295
5004610
5011613
5013669
5014595
5019993
5028115
5029371
5031713
5044398
5049930
5050919
5068589
5070502
5079358
5079495
5099353
5105439
5113796
5123250
5125343
5131201
5131411
5133953
5134417
5145851
5147922
5148771
5149673
5152676
5153371
5154008
5155856
5164841
5170211
5179064
5179893
5181861
5184116
5185048
5186849
5201243
5205110
5208727
5208919
5210981
5214297
5218508
5218798
5223895
5230563
5231055
5247885
5250713
5254165
5256868
5257615
5263365
5271399
5272137
5278039
5278876
5279392
5280477
5286494
5289612
5296218
5309313
5310476
5315439
5320951
5323577
5323591
5333064
5334288
5335915
5335954
5344604
5349561
5354215
5355975
5364613
5367905
5372844
5380360
5380713
5387218
5389572
5396539
5408781
5410168
5412772
5414486
5422179
5424841
5426035
5429980
5438526
5442181
5449769
5487120
5490637
5493847
5494681
5506690
5511194
5513471
5516862
5520209
5520314
5525853
5528198
5530983
5539392
5541273
5548491
5549148
5551781
5557581
5558126
5575383
5584628
5585000
5598788
5599421
5601167
5604434
5604992
5605259
5614150
5615203
5621051
5621994
5625253
5626982
5632388
5637409
5639171
5649501
5653859
5656472
5659212
5662399
5664384
5665302
5672182
5690532
5691806
5698326
5701428
5707962
5709732
5717372
5718011
5722756
5725973
5730689
5735458
5746368
5753392
5753416
5763668
5771200
5771500
5786419
5789183
5790339
5791937
5792440
5793011
5806083
5810923
5811575
5815604
5819732
5822093
5822547
5827717
5829551
5834465
5834620
5837843
5844826
5850157
5859837
5866889
5867048
5871959
5876756
5876916
5887095
5890772
5893124
5894274
5894486
5906421
5908500
5910947
5912848
5915394
5922427
5937925
5940198
5946318
5947267
5957688
5963806
5966337
5973237
5979170
5983870
5991742
6003821
6004708
6004992
6005338
6006736
6008255
6010341
6016286
6025461
6037566
6045354
6047623
6067681
6067820
6068779
6072381
6073164
6076137
6077358
6082016
6085705
6087648
6091744
6092364
6095523
6100382
6106329
6113013
6113424
6115878
6122805
6123280
6126181
6132454
6133016
6133341
6142108
6143738
6144339
6156052
6162002
6162232
6163639
6167738
6171845
6173295
6173629
6181682
6182908
6183347
6195893
6196510
6198480
6200010
6209844
6213700
6218738
6222527
6224808
6232850
6233424
6238424
6243034
6250597
6251835
6259204
6259337
6261306
6263971
6275567
6281801
6289253
6293708
6294727
6299798
6307327
6310695
6311317
6311410
6314091
6317157
6317360
6322258
6330080
6330379
6335411
6337409
6340507
6341687
6346614
6349585
6350061
6350217
6352327
6362788
6372922
6378100
6379665
6387313
6387641
6392511
6398018
6399487
6401900
6413151
6417098
6417205
6422449
6430375
6447171
6449898
6452390
6453038
6453420
6469193
6472197
6472291
6472376
6481738
6485072
6486315
6490027
6494710
6494805
6499045
6501391
6504208
6504939
6512182
6520792
6522304
6528789
6530063
6534514
6540984
6541430
6561646
6564170
6567743
6572020
6580856
6585344
6593317
6599979
6606064
6609147
6616808
6617632
6618164
6620726
6632229
6634630
6636123
6646562
6649353
6651000
6656940
6663626
6666688
6686665
6688334
6701250
6715878
6725037
6726650
6731017
6731992
6742445
6744244
6744837
6745597
6751846
6754132
6755891
6763157
6768115
6778627
6779526
6781214
6785112
6794525
6804853
6810855
6812411
6812523
6827281
6829108
6830977
6833944
6842097
6846440
6847927
6853764
6854211
6859785
6866834
6872064
6872414
6874599
6879701
6882306
6888209
6899261
6902254
6903040
6904930
6905794
6906188
6907831
6917075
6918104
6930286
6936286
6940581
6948566
6960178
6962335
6963822
6964626
6977040
6978479
6985391
6987559
6991744
6996114
6996791
6999219
7001113
7007688
7010010
7012596
7017602
7028841
7040612
7042561
7043160
7049218
7055724
7057798
7058645
7060004
7061212
7062494
7064381
7068185
7070134
7072457
7074210
7075575
7075962
7077859
7085854
7085979
7087998
7088870
7090868
7091062
7100746
7104580
7107024
7109922
7110235
7111971
7113502
7114976
7124855
7133440
7142520
7144319
7154371
7169805
7170009
7171429
7175166
7178210
7183653
7187771
7189170
7192808
7203596
7204029
7209146
7212808
7214669
7222872
7225722
7225978
7232063
7238661
7241856
7248423
7249801
7254316
7259909
7263626
7263957
7283078
7283675
7285829
7285985
7287548
7288781
7301515
7302321
7303815
7306668
7320704
7321035
7325429
7336803
7348282
7348583
7354278
7360325
7369745
7377338
7380153
7387123
7393831
7411602
7417462
7421761
7425920
7434730
7435728
7449447
7450738
7454092
7459750
7467160
7467246
7469045
7471471
7474773
7483438
7486472
7491354
7504388
7517947
7519842
7529953
7534252
7536411
7541955
7547063
7552619
7555134
7563451
7566773
7569972
7573709
7575208
7581321
7583639
7587268
7595822
7602655
7603196
7618560
7619849
7619961
7621699
7623007
7624210
7630543
7632006
7632943
7641894
7643321
7650351
7653010
7653251
7656234
7656484
7671595
7674644
7681791
7692323
7701263
7705949
7710168
7711614
7713522
7713916
7715473
7718735
7739134
7739181
7745191
7752372
7758392
7762062
7764952
7766017
7766370
7771508
7771531
7772158
7773555
7777346
7778545
7787688
7788004
7788741
7797097
7807247
7811070
7814446
7821536
7825567
7826436
7831184
7833552
7835286
7839960
7844767
7845794
7852817
7853154
7855863
7862249
7864135
7871488
7874378
7887278
7894662
7900142
7904382
7907889
7928428
7930800
7939470
7940625
7950596
7951673
7952482
7954516
7959375
7961729
7972000
7978741
7988012
7991895
7992792
7996894
8000093
8004392
8011179
8011447
8013854
8018216
8024545
8026235
8038379
8049238
8049579
8054321
8054756
8056847
8072772
8074330
8075047
8076113
8078714
8081461
8086618
8091785
8103986
8106710
8107852
8109112
8111951
8113288
8116832
8127506
8128911
8128973
8134501
8139794
8147491
8150320
8150695
8151572
8161688
8173486
8184287
8215227
8215270
8222460
8223740
8233434
8234370
8240025
8242554
8251563
8255182
8264276
8266081
8271464
8272170
8276896
8278563
8283157
8285018
8296059
8304676
8310306
8310814
8319465
8323243
8324316
8326201
8337686
8347938
8351417
8353258
8355954
8364064
8371043
8372583
8374855
8378529
8381139
8389887
8401936
8402682
8404044
8405639
8407295
8409602
8411528
8424960
8437733
8442488
8451372
8451463
8454785
8457294
8463829
8467789
8475459
8476832
8480235
8489073
8494461
8495004
8500318
8505425
8515155
8517805
8527596
8542597
8545830
8546977
8548686
8557129
8558112
8571455
8571742
8575078
8577466
8587235
8587435
8594454
8594934
8597838
8600898
8603181
8603904
8607294
8615665
8615882
8634496
8639084
8647279
8656833
8657025
8657810
8663793
8669133
8672880
8689776
8694123
8696513
8696856
8700454
8704932
8705143
8705740
8706824
8709116
8713214
8714443
8722097
8724222
8727157
8733317
8733448
8733559
8742071
8755836
8756301
8758437
8761765
8763815
8796712
8801279
8803525
8815778
8819133
8824333
8849577
8868155
8872263
8872635
8872717
8875827
8879301
8882968
8883237
8887300
8891307
8898715
8906142
8914159
8917128
8919134
8920643
8922722
8927961
8936234
8951577
8958513
8963945
8966641
8973117
8978181
8997761
8999679
9009607
9017567
9017984
9020937
9024993
9027651
9029881
9037335
9037974
9047530
9057496
9057584
9060713
9070449
9074949
9075808
9082369
9085314
9087826
9089627
9090610
9091172
9107694
9110288
9110510
9113643
9119534
9124374
9133801
9134132
9150013
9152779
9154518
9155726
9163353
9166996
9170985
9183284
9190218
9191089
9199436
9204424
9216194
9244022
9244681
9245729
9246150
9250879
9251240
9260626
9273368
9277767
9279409
9282540
9290882
9298155
9298712
9302940
9314203
9319085
9327252
9331345
9339466
9346008
9348539
9353591
9356530
9360599
9360989
9365349
9371559
9373000
9374468
9377359
9378332
9382040
9386798
9391458
9394599
9395238
9402576
9410649
9417601
9419049
9419238
9425920
9437705
9438700
9440207
9440645
9451449
9473448
9488213
9488625
9503903
9506234
9506770
9508971
9516563
9516599
9520386
9527294
9530078
9530528
9540155
9564504
9569399
9579047
9581414
9586151
9587464
9597969
9601049
9602662
9612354
9612740
9614219
9615645
9626489
9628679
9630825
9631407
9632129
9633999
9634125
9645929
9646585
9649877
9651734
9656031
9659968
9660992
9661391
9673767
9678370
9682254
9682762
9688509
9698438
9707603
9712678
9713354
9717399
9718219
9721158
9721904
9725735
9726796
9740738
9757141
9759775
9763256
9765554
9768922
9769009
9769300
9772161
9776672
9778422
9791382
9797729
9812196
9815147
9833054
9840679
9863254
9864770
9867024
9879012
9884164
9886907
9889453
9891734
9898733
9903819
9919893
9920821
9922736
9922851
9935206
9938218
9938950
9942856
9943499
9948125
9955633
9955875
9959175
9963235
9965942
9966309
9967444
9969576
9975075
9975361
9976834
9977143
9984978
9987439
9992998
9998987
